start	RS2	start	RS3	start	RS4	start	RS5	start	RS6	start	RS7	start	RS8	start	RS9	start	RS10	start	RS11
1	2	3	2	1	1	1	1	1	2	7	1	1	6	1	16	1	1	2	1
2	4	7	2	8	1	7	2	2	1	8	1	2	14	2	14	9	2	3	1
3	1	8	1	9	1	8	1	4	1	16	3	3	10	3	12	10	1	6	1
7	2	9	1	11	1	11	2	6	1	17	2	4	2	4	3	11	2	8	2
8	2	15	1	13	3	15	1	8	1	23	1	5	2	5	3	12	1	9	1
9	1	16	2	15	1	16	2	9	3	24	3	6	11	6	8	15	1	14	2
11	3	17	4	16	1	17	2	10	1	25	95	7	12	7	10	16	1	17	2
13	1	18	1	17	1	22	1	11	1	26	442	8	18	8	16	17	6	18	3
16	1	19	1	19	1	23	1	17	4	27	126	9	4	9	10	18	1	25	58
17	2	20	1	23	1	24	2	18	1	28	1026	10	6	10	7	19	1	26	475
19	1	25	26	25	21	25	8	19	1	29	504	11	16	11	25	22	1	27	61
22	1	26	217	26	93	26	182	22	5	30	55	12	7	12	8	25	86	28	753
23	2	27	46	27	32	27	62	25	60	31	382	13	1	13	6	26	768	29	721
25	63	28	278	28	95	28	249	26	255	32	437	14	2	14	5	27	76	30	71
26	374	29	313	29	117	29	166	27	93	33	62	15	12	15	19	28	1250	31	444
27	69	30	24	30	15	30	32	28	520	34	164	16	12	16	12	29	779	32	554
28	467	31	136	31	84	31	68	29	374	35	241	17	22	17	30	30	67	33	43
29	421	32	190	32	73	32	71	30	43	36	27	18	6	18	6	31	442	34	262
30	52	33	26	33	22	33	16	31	244	37	22	19	2	19	7	32	361	35	321
31	253	34	109	34	44	34	87	32	267	38	29	22	10	22	7	33	44	36	27
32	259	35	79	35	73	35	364	33	19	39	80	23	5	23	5	34	174	37	15
33	63	36	21	36	17	36	73	34	139	40	50	24	14	24	25	35	237	38	38
34	134	37	4	37	3	37	127	35	186	41	171	25	608	25	1224	36	39	39	112
35	199	38	16	38	12	38	160	36	21	42	110	26	5529	26	9672	37	15	40	25
36	56	39	51	39	36	39	174	37	13	43	94	27	592	27	938	38	27	41	116
37	24	40	15	40	13	40	38	38	21	44	27	28	10572	28	18658	39	75	42	48
38	46	41	55	41	56	41	85	39	56	45	77	29	6061	29	10522	40	41	43	36
39	88	42	44	42	43	42	246	40	39	46	51	30	458	30	744	41	132	44	6
40	64	43	31	43	22	43	49	41	158	47	41	31	3207	31	4985	42	108	45	68
41	225	44	3	44	8	44	49	42	91	48	81	32	2371	32	4280	43	83	46	22
42	152	45	71	45	25	45	27	43	83	49	55	33	259	33	432	44	25	47	28
43	143	46	20	46	10	46	11	44	14	50	80	34	1264	34	2151	45	159	48	37
44	34	47	25	47	6	47	13	45	47	51	38	35	1435	35	2526	46	52	49	21
45	129	48	47	48	26	48	26	46	31	52	188	36	167	36	315	47	52	50	30
46	35	49	14	49	17	49	39	47	17	53	94	37	96	37	174	48	84	51	9
47	39	50	41	50	28	50	27	48	60	54	493	38	147	38	290	49	38	52	111
48	106	51	11	51	4	51	7	49	39	55	126	39	526	39	767	50	76	53	40
49	42	52	88	52	30	52	115	50	66	56	45	40	283	40	423	51	25	54	387
50	70	53	36	53	29	53	52	51	34	57	102	41	652	41	1008	52	304	55	40
51	19	54	146	54	69	54	79	52	113	58	296	42	489	42	874	53	112	56	30
52	123	55	37	55	20	55	21	53	87	59	90	43	411	43	757	54	650	57	60
53	77	56	38	56	14	56	10	54	323	60	158	44	107	44	205	55	124	58	139
54	229	57	46	57	18	57	11	55	84	61	145	45	747	45	1427	56	43	59	20
55	84	58	96	58	51	58	58	56	27	62	195	46	197	46	359	57	94	60	46
56	67	59	30	59	14	59	20	57	64	63	137	47	155	47	294	58	328	61	55
57	102	60	74	60	43	60	36	58	171	64	552	48	219	48	400	59	116	62	70
58	132	61	60	61	33	61	39	59	46	65	423	49	171	49	291	60	181	63	23
59	88	62	77	62	38	62	30	60	112	66	38	50	233	50	468	61	149	64	78
60	137	63	29	63	17	63	33	61	88	67	206	51	66	51	126	62	230	65	204
61	129	64	80	64	36	64	115	62	137	68	537	52	848	52	1479	63	154	66	20
62	119	65	198	65	88	65	120	63	93	69	70	53	283	53	580	64	971	67	105
63	82	66	20	66	15	66	6	64	286	70	281	54	2361	54	3293	65	488	68	761
64	110	67	85	67	41	67	41	65	327	71	56	55	321	55	593	66	51	69	134
65	282	68	280	68	130	68	283	66	28	72	208	56	164	56	286	67	267	70	237
66	42	69	40	69	34	69	19	67	111	73	681	57	281	57	521	68	1040	71	50
67	99	70	126	70	111	70	120	68	498	74	574	58	875	58	1473	69	64	72	111
68	412	71	20	71	14	71	41	69	93	75	372	59	222	59	388	70	229	73	283
69	93	72	72	72	61	72	115	70	330	76	1759	60	315	60	614	71	51	74	427
70	369	73	171	73	116	73	135	71	45	77	248	61	274	61	522	72	155	75	124
71	96	74	176	74	105	74	97	72	160	78	192	62	346	62	594	73	874	76	590
72	204	75	54	75	51	75	104	73	460	79	3795	63	272	63	593	74	798	77	243
73	450	76	216	76	172	76	470	74	293	80	806	64	2219	64	3990	75	469	78	113
74	344	77	81	77	75	77	104	75	208	81	659	65	1065	65	1950	76	2433	79	1089
75	134	78	52	78	51	78	178	76	936	82	2634	66	101	66	217	77	326	80	387
76	500	79	319	79	272	79	1178	77	128	83	350	67	669	67	1214	78	162	81	441
77	206	80	77	80	120	80	547	78	149	84	1146	68	3044	68	4639	79	4282	82	1035
78	169	81	117	81	98	81	802	79	2209	85	991	69	239	69	338	80	542	83	274
79	804	82	331	82	246	82	1567	80	423	86	461	70	779	70	1016	81	410	84	999
80	238	83	88	83	51	83	468	81	512	87	873	71	138	71	151	82	2840	85	741
81	292	84	408	84	287	84	2583	82	2034	88	556	72	567	72	672	83	291	86	256
82	832	85	292	85	188	85	2923	83	347	89	113	73	3088	73	3792	84	1640	87	754
83	200	86	77	86	58	86	412	84	1198	90	220	74	2375	74	3279	85	1489	88	149
84	1000	87	312	87	192	87	1590	85	1044	91	666	75	1482	75	1786	86	533	89	31
85	515	88	71	88	62	88	618	86	371	92	282	76	8882	76	10730	87	925	90	40
86	174	89	5	89	15	89	184	87	745	93	397	77	974	77	1068	88	419	91	57
87	579	90	20	90	16	90	185	88	394	94	282	78	547	78	491	89	88	92	29
88	212	91	60	91	64	91	803	89	85	95	153	79	14744	79	13638	90	159	93	42
89	44	92	32	92	42	92	406	90	200	96	1171	80	1571	80	1624	91	445	94	41
90	65	93	82	93	54	93	1100	91	592	97	145	81	1746	81	1463	92	267	95	90
91	270	94	41	94	58	94	229	92	194	98	195	82	9302	82	9669	93	304	96	262
92	157	95	43	95	40	95	391	93	371	99	298	83	936	83	963	94	191	97	30
93	275	96	170	96	131	96	648	94	225	100	275	84	4804	84	5438	95	175	98	65
94	245	97	32	97	26	97	177	95	105	101	216	85	4273	85	4475	96	1489	99	142
95	128	98	47	98	41	98	212	96	487	102	443	86	1636	86	1548	97	140	100	49
96	367	99	109	99	100	99	139	97	101	103	101	87	2901	87	2889	98	186	101	137
97	145	100	17	100	25	100	108	98	114	104	295	88	1557	88	1302	99	240	102	736
98	130	101	43	101	48	101	208	99	201	105	119	89	234	89	259	100	194	103	26
99	377	102	194	102	239	102	547	100	156	106	4977	90	522	90	425	101	195	104	89
100	80	103	18	103	53	103	361	101	170	107	386	91	1097	91	1411	102	345	105	70
101	139	104	110	104	82	104	330	102	451	108	147	92	628	92	756	103	82	106	1905
102	1104	105	61	105	71	105	147	103	78	109	75	93	657	93	890	104	208	107	95
103	58	106	5388	106	4578	106	10400	104	311	110	76	94	508	94	476	105	85	108	41
104	159	107	51	107	36	107	180	105	154	111	172	95	371	95	463	106	4389	109	20
105	180	108	25	108	22	108	82	106	7711	112	524	96	2387	96	3563	107	315	110	35
106	2127	109	12	109	11	109	117	107	222	113	774	97	273	97	297	108	117	111	49
107	125	110	28	110	28	110	37	108	140	114	69	98	262	98	353	109	88	112	159
108	119	111	34	111	33	111	100	109	63	115	88	99	362	99	381	110	54	113	149
109	60	112	85	112	93	112	230	110	60	116	120	100	340	100	381	111	204	114	14
110	132	113	180	113	133	113	667	111	82	117	739	101	396	101	344	112	452	115	12
111	78	114	26	114	23	114	300	112	385	118	734	102	1100	102	714	113	734	116	26
112	322	115	17	115	24	115	94	113	621	119	154	103	238	103	139	114	73	117	130
113	554	116	24	116	31	116	102	114	48	120	529	104	530	104	322	115	98	118	90
114	53	117	123	117	96	117	263	115	70	121	1042	105	207	105	164	116	115	119	53
115	65	118	121	118	76	118	251	116	85	122	87	106	1555	106	2976	117	942	120	165
116	122	119	63	119	31	119	145	117	458	123	236	107	964	107	547	118	852	121	86
117	349	120	167	120	90	120	681	118	385	124	991	108	282	108	216	119	185	122	15
118	386	121	118	121	106	121	434	119	87	125	227	109	157	109	171	120	653	123	25
119	91	122	33	122	23	122	45	120	400	126	123	110	96	110	117	121	998	124	87
120	376	123	52	123	44	123	70	121	684	127	923	111	335	111	413	122	93	125	50
121	511	124	133	124	98	124	318	122	61	128	337	112	896	112	919	123	284	126	29
122	84	125	74	125	40	125	161	123	122	129	465	113	1286	113	1623	124	1269	127	120
123	123	126	48	126	31	126	58	124	557	130	272	114	95	114	124	125	337	128	44
124	325	127	110	127	83	127	265	125	152	131	149	115	146	115	203	126	143	129	35
125	193	128	50	128	37	128	173	126	79	132	206	116	179	116	237	127	877	130	33
126	107	129	66	129	50	129	308	127	554	133	954	117	1525	117	1796	128	401	131	28
127	269	130	29	130	19	130	217	128	192	134	1073	118	1403	118	1766	129	524	132	38
128	133	131	54	131	41	131	81	129	324	135	96	119	304	119	435	130	459	133	355
129	147	132	49	132	22	132	40	130	204	136	109	120	1392	120	1689	131	150	134	1101
130	72	133	145	133	99	133	354	131	89	137	222	121	1650	121	2574	132	244	135	88
131	99	134	269	134	158	134	1672	132	139	138	61	122	97	122	189	133	951	136	35
132	81	135	44	135	32	135	277	133	700	139	622	123	354	123	534	134	1607	137	170
133	421	136	13	136	15	136	61	134	1024	140	122	124	1526	124	2391	135	78	138	44
134	606	137	50	137	62	137	63	135	71	141	110	125	352	125	639	136	80	139	216
135	108	138	20	138	21	138	17	136	120	142	498	126	200	126	280	137	194	140	54
136	79	139	122	139	138	139	267	137	168	143	303	127	1437	127	2089	138	72	141	49
137	211	140	47	140	29	140	43	138	52	144	892	128	547	128	834	139	733	142	127
138	85	141	31	141	29	141	44	139	485	145	89	129	841	129	1299	140	129	143	91
139	408	142	163	142	121	142	365	140	79	146	88	130	610	130	933	141	106	144	213
140	116	143	89	143	70	143	158	141	85	147	457	131	164	131	290	142	658	145	20
141	118	144	268	144	155	144	585	142	486	148	325	132	371	132	580	143	306	146	17
142	471	145	33	145	46	145	60	143	228	149	337	133	3033	133	2542	144	1323	147	93
143	310	146	32	146	27	146	64	144	768	150	51	134	5928	134	3906	145	120	148	59
144	764	147	108	147	104	147	398	145	94	151	597	135	388	135	246	146	127	149	173
145	101	148	93	148	81	148	1151	146	81	152	135	136	345	136	185	147	652	150	48
146	91	149	199	149	136	149	262	147	352	153	429	137	610	137	495	148	465	151	242
147	337	150	25	150	35	150	64	148	264	154	195	138	181	138	107	149	480	152	45
148	300	151	265	151	171	151	485	149	306	155	412	139	1845	139	1492	150	66	153	111
149	537	152	50	152	44	152	87	150	46	156	316	140	241	140	251	151	761	154	77
150	102	153	200	153	170	153	436	151	471	157	127	141	196	141	190	152	117	155	286
151	601	154	56	154	58	154	42	152	86	158	59	142	1024	142	1361	153	598	156	88
152	112	155	95	155	125	155	145	153	336	159	29	143	443	143	550	154	265	157	26
153	574	156	34	156	46	156	267	154	99	160	61	144	1746	144	2298	155	411	158	33
154	199	157	9	157	11	157	148	155	298	161	144	145	148	145	282	156	173	159	22
155	430	158	27	158	40	158	34	156	298	162	239	146	151	146	230	157	108	160	28
156	289	159	11	159	7	159	8	157	160	163	321	147	751	147	1281	158	31	161	80
157	159	160	17	160	23	160	49	158	61	164	203	148	510	148	798	159	10	162	55
158	137	161	71	161	63	161	91	159	28	165	242	149	609	149	1025	160	51	163	44
159	29	162	56	162	60	162	79	160	66	166	229	150	108	150	106	161	118	164	58
160	70	163	50	163	43	163	173	161	141	167	156	151	1075	151	1639	162	196	165	49
161	224	164	37	164	20	164	77	162	164	168	86	152	160	152	236	163	266	166	41
162	194	165	41	165	57	165	102	163	236	169	202	153	773	153	1222	164	216	167	17
163	229	166	56	166	42	166	154	164	157	170	101	154	333	154	484	165	227	168	8
164	94	167	20	167	31	167	81	165	193	171	128	155	881	155	874	166	256	169	24
165	245	168	15	168	14	168	119	166	218	172	254	156	460	156	417	167	121	170	23
166	243	169	37	169	31	169	252	167	137	173	396	157	267	157	215	168	80	171	16
167	155	170	32	170	35	170	70	168	82	174	221	158	75	158	73	169	255	172	53
168	58	171	21	171	33	171	39	169	190	175	932	159	42	159	52	170	111	173	75
169	150	172	40	172	38	172	98	170	75	176	25	160	71	160	82	171	96	174	42
170	100	173	67	173	68	173	146	171	92	177	214	161	221	161	258	172	200	175	103
171	72	174	36	174	43	174	136	172	149	178	93	162	239	162	426	173	348	176	9
172	156	175	75	175	72	175	516	173	341	179	270	163	456	163	616	174	184	177	168
173	302	176	5	176	10	176	19	174	181	180	223	164	388	164	465	175	652	178	48
174	196	177	105	177	116	177	90	175	752	181	160	165	322	165	468	176	22	179	178
175	454	178	38	178	28	178	56	176	17	182	167	166	427	166	490	177	287	180	137
176	50	179	140	179	174	179	181	177	210	183	65	167	187	167	248	178	81	181	70
177	370	180	105	180	110	180	94	178	69	184	110	168	127	168	172	179	329	182	67
178	108	181	43	181	50	181	154	179	221	185	46	169	382	169	560	180	300	183	33
179	384	182	94	182	50	182	173	180	150	186	183	170	130	170	198	181	218	184	72
180	318	183	40	183	32	183	64	181	113	187	773	171	121	171	194	182	190	185	35
181	142	184	83	184	47	184	85	182	129	188	108	172	275	172	418	183	49	186	105
182	264	185	17	185	24	185	24	183	79	189	55	173	465	173	759	184	110	187	196
183	151	186	105	186	91	186	152	184	111	190	83	174	313	174	357	185	45	188	39
184	206	187	129	187	149	187	1512	185	50	191	119	175	1186	175	1292	186	270	189	30
185	61	188	40	188	48	188	245	186	172	192	631	176	27	176	40	187	618	190	23
186	337	189	14	189	14	189	222	187	668	193	85	177	402	177	556	188	95	191	61
187	660	190	16	190	26	190	126	188	104	194	113	178	123	178	150	189	45	192	465
188	146	191	73	191	69	191	638	189	27	195	33	179	420	179	609	190	71	193	21
189	51	192	249	192	240	192	603	190	79	196	104	180	392	180	536	191	162	194	83
190	59	193	24	193	32	193	234	191	77	197	166	181	318	181	377	192	1077	195	10
191	159	194	67	194	55	194	246	192	449	198	120	182	261	182	367	193	84	196	36
192	584	195	20	195	17	195	70	193	73	199	83	183	103	183	87	194	157	197	163
193	91	196	65	196	54	196	243	194	77	200	15	184	183	184	259	195	52	198	57
194	114	197	86	197	54	197	435	195	33	201	14	185	41	185	73	196	108	199	34
195	98	198	53	198	24	198	723	196	119	202	41	186	286	186	529	197	274	200	7
196	181	199	37	199	16	199	288	197	142	203	87	187	1091	187	1272	198	114	201	5
197	206	200	8	200	5	200	63	198	85	204	34	188	116	188	194	199	98	202	19
198	146	201	8	201	5	201	20	199	58	205	249	189	55	189	106	200	24	203	30
199	106	202	24	202	22	202	41	200	11	206	110	190	119	190	180	201	27	204	6
200	38	203	40	203	27	203	26	201	14	207	427	191	138	191	222	202	44	205	84
201	17	204	13	204	7	204	27	202	30	208	131	192	1129	192	1864	203	135	206	41
202	47	205	77	205	61	205	164	203	62	209	74	193	127	193	166	204	34	207	63
203	90	206	21	206	18	206	70	204	36	210	65	194	136	194	278	205	225	208	23
204	36	207	53	207	65	207	304	205	265	211	125	195	46	195	50	206	149	209	63
205	288	208	25	208	23	208	162	206	100	212	117	196	194	196	244	207	311	210	22
206	67	209	52	209	60	209	80	207	370	213	92	197	353	197	571	208	164	211	64
207	314	210	22	210	28	210	61	208	128	214	304	198	197	198	266	209	76	212	48
208	126	211	44	211	45	211	117	209	74	215	131	199	154	199	176	210	54	213	20
209	141	212	25	212	44	212	49	210	56	216	38	200	31	200	35	211	71	214	46
210	114	213	25	213	21	213	64	211	96	217	33	201	22	201	41	212	95	215	43
211	221	214	28	214	38	214	197	212	125	218	47	202	39	202	65	213	97	216	13
212	158	215	43	215	44	215	58	213	38	219	118	203	105	203	175	214	243	217	17
213	110	216	9	216	16	216	44	214	227	220	82	204	22	204	68	215	177	218	25
214	319	217	18	217	22	217	43	215	132	221	64	205	298	205	407	216	28	219	47
215	250	218	21	218	25	218	42	216	30	222	134	206	142	206	202	217	52	220	24
216	107	219	77	219	97	219	133	217	23	223	65	207	571	207	608	218	42	221	36
217	64	220	48	220	35	220	38	218	38	224	15	208	186	208	252	219	107	222	52
218	111	221	22	221	39	221	86	219	122	225	46	209	81	209	150	220	75	223	11
219	339	222	95	222	88	222	174	220	73	226	132	210	43	210	108	221	49	224	10
220	171	223	23	223	34	223	111	221	66	227	93	211	71	211	156	222	158	225	23
221	128	224	8	224	16	224	22	222	132	228	120	212	103	212	167	223	48	226	41
222	452	225	12	225	26	225	33	223	47	229	155	213	111	213	147	224	22	227	21
223	149	226	64	226	54	226	99	224	20	230	71	214	236	214	344	225	68	228	41
224	48	227	33	227	48	227	74	225	34	231	85	215	117	215	213	226	180	229	30
225	60	228	52	228	40	228	75	226	119	232	151	216	25	216	37	227	115	230	28
226	269	229	59	229	47	229	203	227	72	233	169	217	53	217	54	228	181	231	27
227	166	230	43	230	30	230	68	228	66	234	137	218	46	218	55	229	182	232	33
228	110	231	26	231	27	231	50	229	184	235	64	219	96	219	148	230	93	233	41
229	231	232	35	232	60	232	172	230	78	236	384	220	66	220	157	231	98	234	35
230	208	233	90	233	67	233	249	231	79	237	616	221	45	221	85	232	162	235	11
231	109	234	78	234	47	234	265	232	133	238	57	222	151	222	236	233	164	236	63
232	172	235	28	235	26	235	152	233	116	239	154	223	48	223	81	234	170	237	53
233	229	236	86	236	84	236	1135	234	83	240	162	224	17	224	35	235	74	238	17
234	132	237	95	237	84	237	268	235	64	241	273	225	33	225	107	236	463	239	44
235	100	238	14	238	6	238	44	236	260	242	135	226	102	226	244	237	649	240	57
236	288	239	73	239	46	239	90	237	394	243	55	227	89	227	162	238	163	241	50
237	416	240	34	240	27	240	77	238	42	244	171	228	115	228	220	239	213	242	63
238	41	241	41	241	41	241	221	239	113	245	399	229	155	229	357	240	261	243	13
239	224	242	47	242	50	242	70	240	141	246	383	230	48	230	123	241	403	244	48
240	117	243	14	243	10	243	22	241	178	247	259	231	82	231	123	242	161	245	77
241	150	244	42	244	35	244	80	242	101	248	13	232	97	232	240	243	33	246	68
242	213	245	104	245	111	245	220	243	50	249	65	233	118	233	270	244	158	247	49
243	76	246	53	246	59	246	283	244	131	250	150	234	129	234	251	245	274	248	10
244	186	247	24	247	34	247	385	245	454	251	139	235	55	235	111	246	279	249	53
245	379	248	8	248	20	248	6	246	396	252	94	236	246	236	640	247	205	250	88
246	349	249	57	249	60	249	29	247	264	253	314	237	523	237	875	248	8	251	133
247	236	250	108	250	57	250	50	248	19	254	69	238	118	238	189	249	99	252	37
248	46	251	110	251	75	251	88	249	47	255	156	239	134	239	318	250	188	253	148
249	131	252	51	252	76	252	80	250	87	256	35	240	214	240	374	251	275	254	32
250	216	253	201	253	110	253	200	251	91	257	37	241	342	241	591	252	81	255	60
251	152	254	25	254	31	254	31	252	88	258	217	242	149	242	249	253	451	256	14
252	186	255	58	255	62	255	119	253	278	259	209	243	54	243	55	254	59	257	24
253	296	256	8	256	11	256	36	254	49	260	62	244	191	244	292	255	176	258	47
254	65	257	15	257	23	257	48	255	149	261	106	245	245	245	472	256	24	259	29
255	236	258	52	258	53	258	168	256	40	262	125	246	295	246	580	257	37	260	25
256	77	259	26	259	40	259	201	257	52	263	70	247	325	247	466	258	253	261	38
257	77	260	28	260	43	260	36	258	258	264	104	248	13	248	36	259	205	262	35
258	193	261	41	261	32	261	82	259	217	265	203	249	74	249	146	260	81	263	25
259	178	262	33	262	23	262	132	260	66	266	28	250	142	250	312	261	117	264	20
260	102	263	40	263	39	263	69	261	110	267	42	251	170	251	424	262	97	265	52
261	111	264	35	264	17	264	49	262	144	268	108	252	93	252	185	263	48	266	7
262	202	265	42	265	41	265	162	263	68	269	50	253	313	253	803	264	86	267	8
263	158	266	17	266	18	266	31	264	72	270	39	254	55	254	107	265	200	268	28
264	68	267	22	267	18	267	38	265	180	271	577	255	141	255	295	266	16	269	16
265	147	268	20	268	23	268	108	266	28	272	69	256	29	256	69	267	32	270	12
266	78	269	22	269	26	269	27	267	46	273	66	257	44	257	86	268	108	271	319
267	81	270	19	270	16	270	55	268	90	274	96	258	236	258	550	269	68	272	27
268	84	271	350	271	271	271	492	269	57	275	84	259	222	259	409	270	49	273	25
269	66	272	21	272	17	272	54	270	61	276	188	260	68	260	176	271	887	274	29
270	39	273	37	273	48	273	31	271	568	277	69	261	104	261	234	272	98	275	26
271	742	274	44	274	47	274	97	272	38	278	32	262	135	262	248	273	76	276	70
272	62	275	38	275	48	275	45	273	56	279	165	263	76	263	129	274	109	277	27
273	86	276	80	276	69	276	183	274	99	280	101	264	81	264	163	275	84	278	19
274	100	277	27	277	31	277	38	275	59	281	29	265	180	265	321	276	235	279	71
275	137	278	22	278	34	278	33	276	144	282	60	266	29	266	40	277	51	280	13
276	238	279	100	279	102	279	103	277	54	283	26	267	43	267	74	278	37	281	28
277	106	280	16	280	24	280	173	278	20	284	131	268	102	268	175	279	166	282	26
278	91	281	23	281	35	281	54	279	150	285	65	269	53	269	139	280	76	283	8
279	316	282	30	282	55	282	34	280	101	286	31	270	43	270	92	281	34	284	84
280	107	283	20	283	27	283	21	281	38	287	95	271	610	271	1391	282	43	285	26
281	94	284	125	284	136	284	51	282	50	288	46	272	68	272	156	283	24	286	24
282	151	285	45	285	46	285	22	283	27	289	14	273	28	273	102	284	151	287	94
283	47	286	22	286	21	286	20	284	69	290	161	274	94	274	148	285	40	288	45
284	338	287	76	287	70	287	49	285	47	291	22	275	52	275	129	286	41	289	11
285	145	288	38	288	49	288	51	286	37	292	21	276	249	276	339	287	82	290	136
286	69	289	11	289	11	289	11	287	91	293	73	277	50	277	92	288	34	291	12
287	248	290	105	290	90	290	187	288	64	294	70	278	19	278	58	289	8	292	13
288	213	291	19	291	19	291	19	289	9	295	23	279	110	279	264	290	229	293	44
289	32	292	7	292	11	292	37	290	149	296	41	280	97	280	169	291	16	294	53
290	186	293	46	293	49	293	53	291	23	297	90	281	29	281	78	292	13	295	12
291	43	294	71	294	73	294	62	292	39	298	58	282	28	282	62	293	104	296	21
292	71	295	12	295	21	295	24	293	76	299	159	283	19	283	38	294	121	297	70
293	96	296	20	296	16	296	19	294	64	300	354	284	68	284	183	295	14	298	20
294	149	297	56	297	72	297	50	295	14	301	54	285	29	285	47	296	26	299	172
295	57	298	17	298	20	298	34	296	28	302	4	286	45	286	58	297	104	300	412
296	62	299	103	299	104	299	87	297	90	303	19	287	62	287	116	298	40	301	20
297	333	300	109	300	108	300	238	298	38	304	156	288	39	288	64	299	238	302	2
298	95	301	18	301	31	301	61	299	160	305	62	289	8	289	20	300	340	303	13
299	305	302	8	302	7	302	3	300	396	306	51	290	177	290	338	301	51	304	129
300	582	303	6	303	13	303	11	301	69	307	94	291	25	291	38	302	5	305	57
301	138	304	93	304	100	304	97	302	5	308	19	292	25	292	38	303	17	306	40
302	13	305	42	305	60	305	63	303	7	309	203	293	96	293	127	304	180	307	32
303	30	306	30	306	30	306	35	304	102	310	287	294	82	294	155	305	61	309	108
304	212	307	41	307	32	307	111	305	51	311	121	295	23	295	33	306	53	310	154
305	140	308	10	308	7	308	24	306	49	312	234	296	38	296	61	307	86	311	79
306	131	309	137	309	192	309	190	307	78	313	53	297	133	297	156	308	8	312	78
307	140	310	212	310	242	310	296	308	10	314	87	298	47	298	52	309	164	313	8
308	30	311	68	311	94	311	138	309	198	315	46	299	220	299	340	310	268	314	15
309	690	312	82	312	77	312	175	310	212	316	63	300	898	300	589	311	131	315	25
310	695	313	16	313	17	313	119	311	134	317	101	301	97	301	56	312	247	316	20
311	330	314	30	314	31	314	155	312	190	318	253	302	5	302	6	313	39	317	65
312	308	315	21	315	25	315	54	313	71	319	178	303	3	303	22	314	51	318	94
313	115	316	17	316	13	316	63	314	96	320	159	304	144	304	226	315	43	319	38
314	135	317	71	317	72	317	96	315	42	321	374	305	69	305	92	316	71	320	38
315	128	318	86	318	101	318	184	316	69	322	153	306	39	306	62	317	111	321	95
316	104	319	90	319	65	319	346	317	117	323	114	307	68	307	93	318	239	322	31
317	247	320	50	320	50	320	275	318	207	324	336	308	8	308	16	319	199	323	12
318	332	321	112	321	97	321	453	319	169	325	87	309	127	309	185	320	145	324	40
319	269	322	37	322	34	322	271	320	172	326	26	310	133	310	305	321	415	325	2
320	224	323	25	323	27	323	117	321	463	327	77	311	73	311	164	322	163	326	7
321	591	324	51	324	50	324	396	322	142	328	32	312	136	312	306	323	137	327	35
322	241	325	17	325	14	325	195	323	122	329	35	313	51	313	45	324	396	328	8
323	115	326	11	326	31	326	66	324	298	330	25	314	53	314	64	325	100	329	13
324	189	327	45	327	65	327	71	325	97	331	80	315	25	315	57	326	33	330	3
325	60	328	17	328	16	328	37	326	31	332	19	316	37	316	79	327	120	331	8
326	46	329	31	329	22	329	41	327	78	333	1	317	57	317	146	328	39	332	9
327	176	330	7	330	7	330	28	328	23	334	48	318	131	318	296	329	33	333	1
328	41	331	21	331	15	331	76	329	35	335	72	319	106	319	242	330	44	334	14
329	88	332	17	332	25	332	52	330	29	336	69	320	92	320	221	331	94	335	22
330	33	333	3	333	2	333	25	331	80	337	219	321	271	321	474	332	14	336	5
331	95	334	10	334	13	334	61	332	19	338	103	322	113	322	217	333	2	337	39
332	58	335	35	335	31	335	234	333	7	339	46	323	74	323	141	334	11	338	64
333	14	336	26	336	21	336	584	334	44	340	114	324	182	324	489	335	40	339	23
334	83	337	50	337	40	337	491	335	60	341	41	325	50	325	87	336	82	340	43
335	164	338	68	338	78	338	124	336	92	342	65	326	13	326	34	337	239	341	18
336	107	339	21	339	27	339	56	337	212	343	257	327	36	327	141	338	117	342	17
337	183	340	50	340	73	340	186	338	120	344	151	328	12	328	37	339	50	343	118
338	144	341	30	341	39	341	29	339	47	345	99	329	17	329	37	340	125	344	58
339	101	342	18	342	19	342	34	340	147	346	448	330	21	330	54	341	43	345	17
340	265	343	116	343	170	343	508	341	31	347	41	331	79	331	116	342	55	346	60
341	109	344	64	344	98	344	188	342	62	348	42	332	10	332	15	343	279	347	6
342	75	345	31	345	35	345	80	343	263	349	168	333	4	333	6	344	141	348	9
343	400	346	98	346	113	346	619	344	158	350	12	334	19	334	19	345	105	349	31
344	373	347	15	347	15	347	68	345	113	351	47	335	45	335	53	346	470	350	2
345	115	348	11	348	19	348	33	346	516	352	97	336	41	336	107	347	28	351	7
346	546	349	40	349	35	349	351	347	39	353	19	337	229	337	291	348	27	352	25
347	59	350	6	350	10	350	28	348	48	354	44	338	57	338	137	349	194	353	12
348	43	351	11	351	14	351	63	349	161	355	51	339	34	339	67	350	21	354	16
349	123	352	29	352	40	352	266	350	7	356	30	340	88	340	130	351	33	355	25
350	25	353	9	353	20	353	15	351	47	357	14	341	20	341	51	352	107	356	23
351	50	354	28	354	46	354	59	352	136	358	83	342	34	342	62	353	12	357	9
352	130	355	32	355	38	355	69	353	11	359	95	343	242	343	338	354	67	358	36
353	25	356	27	356	23	356	8	354	54	360	26	344	101	344	158	355	90	359	48
354	106	357	15	357	12	357	20	355	69	361	37	345	53	345	110	356	22	360	5
355	94	358	49	358	57	358	156	356	28	362	73	346	445	346	485	357	18	361	14
356	86	359	89	359	169	359	72	357	16	363	14	347	20	347	42	358	68	362	32
357	38	360	22	360	39	360	43	358	80	364	63	348	27	348	37	359	94	363	3
358	123	361	32	361	29	361	52	359	87	365	19	349	104	349	192	360	25	364	22
359	214	362	73	362	70	362	40	360	35	366	39	350	11	350	11	361	30	365	14
360	101	363	11	363	10	363	14	361	38	367	65	351	20	351	49	362	61	366	13
361	70	364	56	364	51	364	79	362	57	368	19	352	65	352	105	363	18	367	10
362	113	365	27	365	24	365	60	363	14	369	81	353	7	353	19	364	69	368	3
363	24	366	22	366	22	366	57	364	60	370	47	354	22	354	69	365	28	369	21
364	79	367	22	367	43	367	127	365	26	371	20	355	41	355	85	366	26	370	4
365	55	368	9	368	21	368	77	366	50	372	103	356	10	356	22	367	41	371	12
366	80	369	29	369	40	369	170	367	80	373	51	357	10	357	16	368	36	372	49
367	102	370	12	370	29	370	245	368	30	374	15	358	43	358	98	369	100	373	15
368	39	371	5	371	15	371	44	369	101	375	16	359	21	359	67	370	39	374	12
369	108	372	78	372	121	372	156	370	55	376	29	360	9	360	31	371	16	375	8
370	51	373	29	373	26	373	130	371	17	377	14	361	15	361	36	372	136	376	10
371	29	374	19	374	40	374	34	372	108	378	45	362	26	362	72	373	62	377	8
372	192	375	18	375	31	375	4	373	49	379	32	363	2	363	26	374	22	378	20
373	76	376	36	376	44	376	29	374	9	380	13	364	17	364	74	375	34	379	20
374	43	377	10	377	15	377	11	375	12	381	51	365	8	365	37	376	43	380	7
375	50	378	47	378	56	378	64	376	22	382	89	366	14	366	37	377	18	381	14
376	82	379	35	379	30	379	63	377	14	383	63	367	31	367	61	378	60	382	23
377	60	380	33	380	25	380	18	378	41	384	142	368	26	368	37	379	58	383	60
378	142	381	43	381	56	381	47	379	53	385	341	369	52	369	87	380	19	384	58
379	93	382	61	382	92	382	104	380	22	386	106	370	28	370	36	381	43	385	77
380	56	383	103	383	71	383	45	381	34	387	45	371	3	371	14	382	109	386	28
381	111	384	81	384	96	384	249	382	88	388	87	372	56	372	108	383	133	387	4
382	126	385	95	385	162	385	1337	383	70	389	19	373	37	373	46	384	161	388	10
383	143	386	38	386	102	386	179	384	214	390	54	374	7	374	17	385	291	389	13
384	244	387	8	387	17	387	73	385	504	391	142	375	7	375	21	386	106	390	118
385	430	388	11	388	24	388	250	386	105	392	75	376	7	376	26	387	26	391	263
386	177	389	26	389	23	389	14	387	27	393	178	377	4	377	19	388	94	392	57
387	31	390	134	390	104	390	37	388	84	394	279	378	25	378	30	389	23	393	96
388	32	391	329	391	220	391	59	389	17	395	24	379	17	379	57	390	164	394	108
389	25	392	58	392	85	392	62	390	39	396	57	380	8	380	15	391	400	395	27
390	94	393	156	393	149	393	206	391	99	397	124	381	16	381	38	392	92	396	82
391	272	394	129	394	160	394	362	392	69	398	34	382	43	382	88	393	236	397	213
392	168	395	38	395	26	395	32	393	150	399	29	383	35	383	104	394	181	398	23
393	340	396	103	396	75	396	62	394	303	400	86	384	61	384	149	395	47	399	24
394	488	397	251	397	170	397	109	395	18	401	21	385	170	385	295	396	134	400	79
395	46	398	28	398	41	398	41	396	49	402	86	386	45	386	69	397	298	401	11
396	80	399	15	399	58	399	53	397	126	403	87	387	14	387	26	398	23	402	28
397	277	400	41	400	70	400	153	398	46	404	12	388	38	388	86	399	16	403	10
398	47	401	8	401	8	401	56	399	50	405	10	389	7	389	22	400	94	404	4
399	71	402	35	402	38	402	233	400	134	406	54	390	47	390	96	401	10	405	14
400	178	403	27	403	39	403	235	401	21	407	72	391	78	391	254	402	92	406	55
401	44	404	19	404	18	404	15	402	179	408	56	392	19	392	83	403	39	407	75
402	141	405	14	405	20	405	12	403	119	409	61	393	73	393	175	404	12	408	23
403	132	406	72	406	89	406	74	404	13	410	63	394	126	394	231	405	10	409	23
404	45	407	81	407	111	407	74	405	8	411	25	395	16	395	26	406	53	410	59
405	32	408	56	408	71	408	109	406	70	412	135	396	39	396	92	407	57	411	21
406	238	409	43	409	50	409	90	407	60	413	46	397	110	397	240	408	67	412	122
407	210	410	94	410	101	410	43	408	59	414	88	398	27	398	41	409	99	413	25
408	158	411	29	411	32	411	38	409	62	415	98	399	27	399	20	410	140	414	47
409	77	412	83	412	79	412	161	410	64	416	79	400	137	400	95	411	53	415	37
410	96	413	25	413	35	413	60	411	24	417	21	401	12	401	12	412	246	416	36
411	52	414	47	414	55	414	245	412	144	418	107	402	67	402	78	413	57	417	3
412	171	415	41	415	51	415	781	413	31	419	13	403	42	403	42	414	101	418	13
413	65	416	36	416	57	416	144	414	100	420	6	404	6	404	8	415	143	419	5
414	133	417	8	417	7	417	71	415	137	421	37	405	1	405	9	416	83	420	5
415	132	418	21	418	28	418	215	416	113	422	32	406	17	406	42	417	6	421	22
416	134	419	12	419	11	419	9	417	19	423	53	407	20	407	48	418	96	422	16
417	34	420	14	420	16	420	14	418	85	424	187	408	17	408	58	419	6	423	21
418	65	421	72	421	71	421	12	419	10	425	8	409	30	409	70	420	9	424	22
419	20	422	25	422	31	422	52	420	12	426	25	410	24	410	67	421	74	425	6
420	18	423	25	423	32	423	112	421	26	427	14	411	15	411	29	422	28	426	31
421	62	424	48	424	50	424	209	422	36	428	17	412	112	412	194	423	91	427	12
422	30	425	9	425	22	425	23	423	59	429	11	413	15	413	42	424	187	428	6
423	52	426	42	426	48	426	26	424	218	430	99	414	53	414	78	425	9	429	16
424	187	427	17	427	23	427	45	425	7	431	12	415	75	415	117	426	49	430	216
425	13	428	40	428	36	428	34	426	33	432	25	416	39	416	63	427	18	431	8
426	85	429	28	429	29	429	13	427	20	433	26	417	8	417	6	428	32	432	5
427	43	430	185	430	175	430	128	428	21	434	23	418	43	418	65	429	20	433	5
428	44	431	9	431	24	431	20	429	10	435	6	419	1	420	6	430	294	434	7
429	33	432	17	432	17	432	35	430	133	436	12	420	2	421	56	431	14	435	5
430	232	433	7	433	20	433	23	431	20	437	30	421	9	422	28	432	42	436	5
431	48	434	19	434	35	434	18	432	35	438	59	422	10	423	79	433	27	437	14
432	47	435	12	435	13	435	4	433	18	439	47	423	28	424	150	434	44	438	23
433	43	436	42	436	46	436	9	434	19	440	30	424	80	425	9	435	4	439	18
434	59	437	52	437	61	437	30	435	3	441	216	425	4	426	27	436	23	440	14
435	39	438	37	438	43	438	68	436	10	442	197	426	10	427	24	437	34	441	38
436	47	439	26	439	36	439	98	437	39	443	48	427	11	428	27	438	84	442	39
437	67	440	23	440	16	440	37	438	54	444	10	428	5	429	15	439	108	443	50
438	57	441	56	441	79	441	475	439	51	445	10	429	7	430	176	440	50	444	16
439	54	442	47	442	33	442	956	440	39	446	16	430	160	431	15	441	203	445	16
440	32	443	84	443	83	443	119	441	254	447	43	431	8	432	32	442	520	446	10
441	119	444	22	444	35	444	18	442	213	448	43	432	30	433	18	443	87	447	17
442	99	445	19	445	24	445	15	443	38	449	10	433	12	434	21	444	21	448	4
443	121	446	43	446	70	446	46	444	12	450	28	434	7	435	4	445	17	449	18
444	43	447	49	447	63	447	85	445	11	451	117	435	3	436	16	446	41	450	27
445	65	448	29	448	32	448	70	446	19	452	15	436	9	437	16	447	66	451	66
446	99	449	30	449	38	449	12	447	42	453	61	437	14	438	37	448	43	452	12
447	127	450	60	450	70	450	38	448	46	454	30	438	24	439	52	449	16	453	42
448	104	451	84	451	110	451	184	449	10	455	20	439	42	440	26	450	40	454	9
449	75	452	35	452	43	452	15	450	41	456	10	440	17	441	148	451	92	455	14
450	108	453	69	453	106	453	113	451	180	457	46	441	115	442	282	452	16	456	1
451	247	454	24	454	43	454	78	452	19	458	4	442	212	443	55	453	106	457	23
452	49	455	23	455	33	455	28	453	73	459	17	443	43	444	9	454	39	459	24
453	178	456	10	456	12	456	12	454	32	460	41	444	2	445	8	455	46	460	16
454	54	457	26	457	39	457	144	455	20	461	2	445	6	446	18	456	25	461	8
455	67	458	3	458	4	458	3	456	14	462	28	446	12	447	55	457	109	462	19
456	31	459	27	459	19	459	26	457	37	463	51	447	21	448	27	458	3	463	16
457	53	460	30	460	56	460	48	458	7	464	4	448	15	449	12	459	47	464	6
458	3	461	10	461	19	461	14	459	20	465	4	449	2	450	25	460	52	465	10
459	36	462	20	462	33	462	29	460	67	466	30	450	17	451	51	461	16	466	24
460	89	463	20	463	36	463	90	461	12	467	49	451	66	452	19	462	52	467	33
461	45	464	15	464	22	464	9	462	32	468	73	452	6	453	42	463	89	468	10
462	46	465	27	465	21	465	22	463	65	469	91	453	35	454	22	464	7	469	10
463	68	466	51	466	79	466	130	464	4	470	10	454	14	455	15	465	11	470	10
464	27	467	52	467	47	467	66	465	12	471	11	455	12	456	11	466	35	471	25
465	76	468	22	468	42	468	205	466	46	472	37	456	8	457	41	467	113	472	51
466	80	469	27	469	48	469	229	467	72	473	20	457	73	458	2	468	85	473	31
467	71	470	22	470	23	470	24	468	80	474	74	458	3	459	23	469	144	474	209
468	75	471	26	471	45	471	38	469	99	475	63	459	11	460	23	470	29	475	61
469	87	472	115	472	105	472	58	470	14	476	34	460	23	461	5	471	22	476	30
470	20	473	90	473	135	473	19	471	26	477	51	461	5	462	24	472	69	477	19
471	55	474	242	474	195	474	56	472	55	478	31	462	25	463	50	473	27	478	15
472	167	475	81	475	122	475	63	473	24	479	16	463	50	464	5	474	228	479	24
473	133	476	59	476	84	476	22	474	99	480	57	464	1	465	10	475	75	480	79
474	293	477	58	477	63	477	32	475	87	481	48	465	4	466	26	476	55	481	17
475	179	478	22	478	34	478	46	476	24	482	24	466	15	467	61	477	69	482	17
476	55	479	34	479	42	479	7	477	45	483	26	467	29	468	52	478	43	483	14
477	96	480	127	480	179	480	94	478	20	484	77	468	49	469	80	479	31	484	41
478	57	481	43	481	58	481	69	479	24	485	4	469	62	470	9	480	108	485	6
479	82	482	51	482	74	482	36	480	76	486	62	470	10	471	19	481	54	486	121
480	246	483	35	483	40	483	29	481	53	487	77	471	7	472	36	482	26	487	46
481	96	484	71	484	135	484	113	482	38	488	13	472	17	473	14	483	22	488	17
482	116	485	15	485	29	485	2	483	21	489	49	473	6	474	124	484	91	489	23
483	91	486	157	486	208	486	43	484	92	490	20	474	59	475	55	485	8	490	12
484	254	487	133	487	144	487	47	485	9	491	29	475	28	476	33	486	160	491	47
485	9	488	40	488	32	488	24	486	69	492	9	476	11	477	43	487	122	492	15
486	334	489	81	489	113	489	79	487	69	493	183	477	13	478	24	488	20	493	133
487	234	490	23	490	21	490	60	488	25	494	29	478	12	479	20	489	78	494	22
488	115	491	70	491	122	491	46	489	55	495	123	479	12	480	61	490	25	495	48
489	133	492	25	492	39	492	12	490	31	496	120	480	30	481	33	491	49	496	38
490	59	493	255	493	306	493	222	491	57	497	129	481	32	482	23	492	31	497	136
491	131	494	27	494	37	494	23	492	19	498	167	482	8	483	21	493	311	498	61
492	76	495	136	495	143	495	111	493	232	499	36	483	11	484	40	494	42	499	8
493	577	496	96	496	86	496	260	494	52	500	3	484	24	485	3	495	230	501	5
494	72	497	93	497	91	497	284	495	155	501	8	486	19	486	60	496	193	502	9
495	238	498	104	498	126	498	298	496	105	502	9	487	8	487	38	497	342	503	32
496	167	499	19	499	45	499	162	497	172	503	33	488	9	488	12	498	187	504	30
497	130	500	4	500	8	500	3	498	170	504	34	489	6	489	39	499	46	505	22
498	259	501	13	501	15	501	1	499	52	505	48	490	11	490	13	500	7	506	13
499	79	502	21	502	31	502	12	500	5	506	28	491	9	491	24	501	5	507	6
500	10	503	45	503	66	503	21	501	6	507	25	492	5	492	9	502	15	508	24
501	35	504	66	504	80	504	75	502	16	508	69	493	70	493	187	503	37	509	14
502	29	505	46	505	56	505	57	503	49	509	32	494	6	494	15	504	56	510	10
503	123	506	21	506	31	506	24	504	61	510	24	495	32	495	93	505	59	511	44
504	139	507	14	507	16	507	26	505	51	511	104	496	43	496	85	506	30	512	10
505	77	508	54	508	71	508	139	506	27	512	45	497	132	497	111	507	29	513	26
506	47	509	26	509	30	509	25	507	30	513	78	498	97	498	107	508	120	514	43
507	47	510	21	510	32	510	29	508	65	514	269	499	32	499	22	509	52	515	17
508	112	511	76	511	76	511	61	509	18	515	39	500	3	500	2	510	32	516	11
509	35	512	15	512	25	512	64	510	29	516	29	501	6	501	1	511	162	517	48
510	58	513	35	513	33	513	125	511	82	517	131	502	5	502	5	512	72	518	13
511	82	514	69	514	89	514	896	512	49	518	49	503	14	503	19	513	115	519	4
512	28	515	24	515	56	515	64	513	86	519	38	504	20	504	17	514	324	520	11
513	36	516	17	516	32	516	29	514	388	520	51	505	17	505	30	515	62	521	25
514	217	517	74	517	104	517	198	515	56	521	44	506	4	506	13	516	23	522	4
515	93	518	21	518	41	518	60	516	27	522	10	507	8	507	17	517	174	523	6
516	68	519	13	519	28	519	37	517	155	523	47	508	31	508	55	518	76	524	16
517	188	520	18	520	23	520	95	518	66	524	23	509	10	509	13	519	42	525	12
518	89	521	59	521	88	521	65	519	47	525	41	510	3	510	28	520	64	526	13
519	90	522	3	522	4	522	16	520	54	526	32	511	32	511	47	521	47	527	33
520	51	523	14	523	24	523	111	521	44	527	127	512	22	512	22	522	6	528	27
521	171	524	24	524	31	524	37	522	11	528	130	513	33	513	52	523	62	529	11
522	10	525	21	525	37	525	34	523	46	529	16	514	138	514	157	524	50	530	13
523	80	526	20	526	34	526	56	524	26	530	41	515	15	515	22	525	37	531	27
524	83	527	84	527	80	527	224	525	39	531	48	516	7	516	13	526	38	532	8
525	58	528	70	528	80	528	492	526	40	532	19	517	51	517	54	527	234	533	6
526	58	529	14	529	29	529	46	527	171	533	21	518	20	518	30	528	169	534	13
527	93	530	18	530	25	530	32	528	168	534	40	519	8	519	14	529	27	535	11
528	149	531	56	531	48	531	59	529	20	535	58	520	32	520	36	530	43	536	21
529	30	532	16	532	19	532	31	530	51	536	53	521	12	521	15	531	81	537	14
530	47	533	10	533	7	533	17	531	59	537	44	522	1	522	4	532	38	538	28
531	106	534	27	534	30	534	34	532	18	538	185	523	16	523	14	533	22	539	11
532	23	535	34	535	35	535	41	533	20	539	14	524	9	524	9	534	61	540	11
533	18	536	56	536	56	536	33	534	50	540	12	525	4	525	11	535	95	541	6
534	35	537	20	537	23	537	48	535	91	541	13	526	10	526	10	536	113	542	4
535	76	538	53	538	94	538	218	536	64	542	27	527	41	527	65	537	117	543	5
536	100	539	3	539	13	539	49	537	83	543	14	528	49	528	58	538	311	544	53
537	53	540	24	540	19	540	4	538	273	544	97	529	9	529	6	539	8	545	11
538	137	541	17	541	31	541	12	539	6	545	57	530	1	530	18	540	16	546	14
539	15	542	24	542	34	542	39	540	17	546	43	531	13	531	31	541	21	547	46
540	23	543	9	543	15	543	8	541	25	547	132	532	7	532	8	542	43	548	6
541	31	544	40	544	44	544	50	542	18	548	12	533	1	533	4	543	27	549	59
542	39	545	23	545	23	545	89	543	15	549	20	534	9	534	38	544	176	550	72
543	25	546	21	546	25	546	130	544	82	550	42	535	13	535	24	545	63	551	27
544	71	547	35	547	52	547	552	545	38	551	32	536	6	536	36	546	80	552	26
545	25	548	14	548	23	548	24	546	45	552	44	537	21	537	45	547	250	553	33
546	39	549	83	549	58	549	13	547	122	553	110	538	64	538	126	548	29	554	29
547	111	550	74	550	97	550	16	548	10	554	48	539	5	539	2	549	58	555	34
548	20	551	24	551	32	551	25	549	16	555	62	540	4	540	3	550	79	556	32
549	97	552	29	552	41	552	18	550	36	556	41	541	3	541	7	551	35	557	14
550	94	553	30	553	68	553	138	551	31	557	39	542	3	542	12	552	54	558	17
551	48	554	39	554	66	554	43	552	47	558	44	543	4	543	5	553	151	559	29
552	42	555	74	555	93	555	8	553	149	559	90	544	29	544	54	554	54	560	27
553	93	556	45	556	64	556	31	554	31	560	74	545	11	545	22	555	99	561	5
554	91	557	33	557	49	557	16	555	32	561	25	546	11	546	24	556	59	562	58
555	104	558	24	558	40	558	14	556	44	562	291	547	50	547	79	557	38	563	72
556	88	559	56	559	77	559	74	557	31	563	76	548	2	548	6	558	76	564	517
557	34	560	52	560	38	560	25	558	49	564	329	549	14	549	14	559	104	565	70
558	41	561	9	561	3	561	17	559	123	565	116	550	12	550	25	560	158	566	24
559	120	562	91	562	89	562	396	560	65	566	92	551	8	551	7	561	25	567	32
560	55	563	46	563	59	563	59	561	12	567	124	552	12	552	14	562	388	568	72
561	8	564	211	564	139	564	372	562	310	568	284	553	48	553	58	563	184	569	4
562	131	565	41	565	62	565	97	563	92	569	5	554	13	554	9	564	732	570	29
563	44	566	36	566	53	566	64	564	559	570	17	555	9	555	18	565	75	571	80
564	270	567	33	567	35	567	121	565	144	571	40	556	5	556	28	566	52	572	51
565	97	568	65	568	52	568	655	566	107	572	31	557	6	557	5	567	88	573	44
566	64	569	10	569	16	569	10	567	201	573	57	558	17	558	26	568	340	574	65
567	114	570	20	570	24	570	4	568	424	574	158	559	39	559	45	569	7	575	9
568	127	571	90	571	92	571	25	569	8	575	7	560	26	560	25	570	11	576	62
569	16	572	30	572	39	572	16	570	15	576	12	561	6	561	9	571	68	577	130
570	30	573	31	573	47	573	45	571	61	577	35	562	101	562	95	572	36	578	118
571	100	574	42	574	66	574	184	572	39	578	48	563	72	563	44	573	54	579	14
572	53	575	9	575	33	575	6	573	85	579	26	564	469	564	217	574	174	580	141
573	56	576	46	576	97	576	4	574	217	580	123	565	61	565	32	576	7	581	18
574	119	577	99	577	130	577	19	575	10	581	18	566	21	566	21	577	51	582	46
575	38	578	90	578	117	578	28	576	14	582	32	567	53	567	40	578	42	583	38
576	110	579	32	579	39	579	24	577	36	583	39	568	237	568	123	579	38	584	30
577	160	580	67	580	108	580	83	578	41	584	40	569	2	569	1	580	119	585	58
578	125	581	16	581	23	581	11	579	27	585	45	570	5	570	1	581	15	586	41
579	102	582	22	582	32	582	20	580	135	586	35	571	13	571	29	582	36	587	27
580	169	583	23	583	21	583	79	581	18	587	27	572	17	572	20	583	53	588	24
581	27	584	22	584	25	584	49	582	46	588	63	573	28	573	28	584	31	589	12
582	35	585	45	585	61	585	33	583	62	589	55	574	94	574	72	585	88	590	3
583	57	586	33	586	18	586	18	584	58	591	30	576	4	576	2	586	51	591	26
584	54	587	15	587	18	587	18	585	80	592	50	577	16	577	13	587	57	592	34
585	84	588	23	588	33	588	46	586	34	593	37	578	10	578	7	588	116	593	26
586	48	589	14	589	24	589	62	587	31	594	10	579	4	579	11	589	66	594	11
587	22	590	2	590	6	590	2	588	82	595	3	580	76	580	33	590	2	596	10
588	40	591	21	591	33	591	18	589	69	596	12	581	4	581	2	591	42	597	16
589	33	592	36	592	43	592	25	590	6	597	13	582	11	582	11	592	60	598	11
590	3	593	37	593	60	593	48	591	43	598	19	583	20	583	12	593	46	599	2
591	58	594	8	594	11	594	35	592	51	599	2	584	15	584	9	594	21	600	3
592	72	595	2	595	7	595	6	593	56	600	1	585	26	585	26	595	5	601	41
593	34	596	17	596	10	596	6	594	21	601	14	586	22	586	25	596	13	602	39
594	13	597	22	597	17	597	13	595	4	602	37	587	13	587	16	597	44	603	20
595	7	598	27	598	29	598	20	596	16	603	51	588	42	588	28	598	36	604	22
596	25	599	6	599	5	599	9	597	13	604	48	589	40	589	21	599	9	605	8
597	19	600	1	600	1	600	5	598	29	605	8	590	1	590	2	600	3	606	19
598	25	601	13	601	25	601	15	599	6	606	10	591	8	591	9	601	28	607	43
599	7	602	34	602	34	602	40	600	4	607	23	592	27	592	20	602	89	608	36
600	4	603	19	603	16	603	52	601	11	608	18	593	28	593	21	603	46	609	11
601	28	604	18	604	20	604	65	602	56	609	4	594	10	594	9	604	52	610	9
602	46	605	19	605	13	605	4	603	66	610	12	596	2	595	2	605	10	611	85
603	30	606	10	606	19	606	12	604	62	611	20	597	8	596	1	606	8	612	46
604	42	607	42	607	44	607	26	605	3	612	29	598	7	597	12	607	38	613	105
605	25	608	47	608	50	608	43	606	11	613	85	599	3	598	9	608	27	614	55
606	23	609	10	609	14	609	6	607	25	614	31	600	1	600	1	609	6	615	31
607	73	610	8	610	21	610	2	608	23	615	29	601	9	601	7	610	6	616	62
608	35	611	90	611	88	611	11	609	2	616	96	602	27	602	10	611	50	617	153
609	8	612	41	612	51	612	11	610	4	617	235	603	16	603	11	612	46	618	34
610	13	613	81	613	74	613	92	611	16	618	182	604	22	604	14	613	124	619	56
611	51	614	48	614	73	614	5	612	21	619	319	605	4	605	1	614	55	620	1
612	29	615	23	615	50	615	24	613	128	620	4	606	2	606	5	615	36	621	9
613	131	616	102	616	119	616	67	614	25	621	2	607	9	607	14	616	121	622	61
614	47	617	289	617	244	617	230	615	34	622	69	608	10	608	7	617	245	623	27
615	30	618	71	618	77	618	417	616	161	623	20	610	3	609	1	618	194	624	42
616	53	619	52	619	67	619	981	617	504	624	41	611	4	610	4	619	305	625	8
617	160	620	3	620	7	620	5	618	367	625	15	612	9	611	7	620	5	626	32
618	49	621	3	621	3	621	3	619	583	626	23	613	44	612	10	621	5	627	113
619	98	622	56	622	52	622	66	620	8	627	65	614	4	613	24	622	166	628	14
620	12	623	40	623	46	623	9	621	13	628	26	615	9	614	11	623	38	629	62
621	10	624	29	624	51	624	31	622	126	629	88	616	46	615	14	624	82	630	38
622	47	625	7	625	17	625	9	623	23	630	106	617	51	616	14	625	16	631	32
623	39	626	23	626	23	626	23	624	54	631	97	618	65	617	27	626	36	632	24
624	51	627	79	627	96	627	97	625	24	632	8	619	137	618	28	627	105	633	54
625	21	628	6	628	18	628	18	626	26	633	49	620	2	619	62	628	17	634	182
626	33	629	45	629	98	629	40	627	114	634	182	621	2	620	1	629	106	635	15
627	111	630	37	630	41	630	99	628	32	635	22	622	49	622	22	630	152	636	46
628	5	631	37	631	26	631	214	629	84	636	59	623	10	623	10	631	151	637	24
629	73	632	11	632	25	632	8	630	173	637	53	624	19	624	14	632	26	638	15
630	35	633	52	633	44	633	17	631	136	638	43	625	6	625	4	633	76	639	3
631	50	634	113	634	196	634	131	632	20	639	12	626	9	626	8	634	332	640	5
632	24	635	9	635	22	635	16	633	59	640	33	627	33	627	23	635	35	641	23
633	48	636	43	636	51	636	67	634	248	641	21	628	10	628	1	636	133	642	16
634	173	637	25	637	27	637	117	635	16	642	23	629	23	629	24	637	160	643	28
635	30	638	22	638	36	638	15	636	98	643	60	630	44	630	39	638	55	644	22
636	68	639	2	639	5	639	4	637	55	644	27	631	57	631	23	639	19	645	42
637	22	640	4	640	11	640	33	638	58	645	54	632	7	632	9	640	83	646	64
638	33	641	15	641	25	641	20	639	6	646	61	633	10	633	13	641	53	647	34
639	5	642	13	642	12	642	7	640	39	647	53	634	103	634	62	642	31	648	23
640	18	643	26	643	43	643	9	641	27	648	64	635	2	635	5	643	111	649	10
641	22	644	21	644	19	644	17	642	23	649	52	636	33	636	28	644	40	650	17
642	23	645	30	645	37	645	20	643	50	650	18	637	35	637	28	645	68	651	60
643	31	646	34	646	34	646	50	644	39	651	68	638	7	638	11	646	86	652	179
644	9	647	26	647	44	647	18	645	59	652	295	639	2	639	5	647	51	653	52
645	21	648	24	648	24	648	49	646	101	653	35	640	24	640	17	648	116	654	13
646	45	649	22	649	16	649	102	647	77	654	9	641	8	641	7	649	115	655	78
647	25	650	12	650	9	650	3	648	86	655	108	642	4	642	9	650	42	656	21
648	11	651	32	651	37	651	25	649	88	656	25	643	22	643	23	651	131	657	46
649	7	652	118	652	145	652	261	650	34	657	18	644	10	644	9	652	597	658	367
650	2	653	48	653	64	653	10	651	139	658	128	645	16	645	25	653	90	659	34
651	40	654	9	654	19	654	7	652	548	659	28	646	30	646	20	654	29	660	186
652	106	655	61	655	78	655	124	653	43	660	179	647	11	647	17	655	331	661	284
653	33	656	16	656	30	656	22	654	34	661	429	648	41	648	32	656	26	662	36
654	10	657	20	657	45	657	7	655	216	662	17	649	39	649	26	657	24	663	67
655	27	658	271	658	283	658	47	656	13	663	5	650	19	650	8	658	254	664	236
656	34	659	13	659	20	659	29	657	24	664	15	651	40	651	39	659	66	665	180
657	23	660	100	660	130	660	92	658	171	665	25	652	214	652	160	660	280	666	22
658	159	661	173	661	190	661	478	659	38	666	16	653	21	653	19	661	787	667	13
659	10	662	66	662	83	662	6	660	257	667	4	654	9	654	9	662	21	668	87
660	92	663	60	663	84	663	8	661	605	668	13	655	107	655	61	663	32	669	130
661	215	664	125	664	151	664	15	662	20	669	52	656	12	656	6	664	43	670	525
662	30	665	134	665	132	665	19	663	6	670	270	657	6	657	7	665	53	671	93
663	27	666	13	666	31	666	19	664	29	671	31	658	57	658	46	666	21	672	61
664	104	667	2	667	14	667	5	665	20	672	21	659	24	659	12	667	7	673	33
665	80	668	54	668	56	668	15	666	10	673	21	660	99	660	39	668	26	674	19
666	16	669	97	669	96	669	29	667	10	674	15	661	334	661	165	669	86	675	169
667	10	670	435	670	419	670	225	668	8	675	135	662	4	662	4	670	502	676	2
668	43	671	54	671	48	671	10	669	74	676	7	663	10	663	5	671	41	677	14
669	58	672	28	672	25	672	9	670	394	677	17	664	12	664	12	672	27	678	66
670	288	673	26	673	47	673	10	671	55	678	80	665	13	665	11	673	29	679	24
671	31	674	16	674	18	674	7	672	30	679	68	666	9	666	5	674	16	680	3
672	29	675	116	675	137	675	54	673	29	680	5	667	8	667	1	675	204	681	16
673	15	676	4	676	3	676	6	674	16	681	22	668	8	668	5	676	4	682	26
674	10	677	14	677	15	677	7	675	195	682	17	669	29	669	16	677	16	683	69
675	93	678	23	678	49	678	50	676	11	683	39	670	144	670	97	678	91	684	66
676	2	679	19	679	29	679	49	677	18	684	76	671	21	671	9	679	56	685	62
677	12	680	4	680	7	680	1	678	115	685	49	672	8	672	7	680	1	686	63
678	48	681	39	681	39	681	9	679	108	686	62	673	10	673	8	681	24	687	59
679	25	682	37	682	30	682	3	680	2	687	85	674	3	674	7	682	17	688	8
680	2	683	74	683	81	683	8	681	21	688	25	675	58	675	39	683	44	689	76
681	18	684	98	684	101	684	18	682	18	689	156	676	6	676	2	684	116	690	60
682	13	685	45	685	44	685	70	683	54	690	114	677	6	677	3	685	69	691	72
683	54	686	80	686	68	686	33	684	78	691	234	678	48	678	14	686	79	692	69
684	72	687	87	687	83	687	38	685	110	692	8	679	36	679	16	687	84	693	275
685	32	688	27	688	12	688	21	686	97	693	48	681	4	681	4	688	14	694	65
686	39	689	82	689	90	689	113	687	129	694	9	682	5	683	11	689	146	695	92
687	33	690	64	690	70	690	79	688	51	695	10	683	4	684	21	690	100	696	120
688	9	691	58	691	79	691	239	689	203	696	50	684	21	685	8	691	245	697	196
689	66	692	36	692	79	692	9	690	208	697	88	685	37	686	7	692	12	698	25
690	56	693	197	693	244	693	21	691	283	698	8	686	14	687	14	693	79	699	59
691	68	694	53	694	45	694	8	692	4	699	38	687	31	688	3	694	31	700	105
692	25	695	48	695	54	695	17	693	37	700	45	688	3	689	9	695	8	701	46
693	116	696	71	696	94	696	18	694	19	701	27	689	42	690	19	696	39	702	29
694	25	697	58	697	114	697	54	695	17	702	30	690	51	691	35	697	108	703	23
695	37	698	8	698	25	698	29	696	63	703	29	691	131	692	1	698	5	704	26
696	38	699	31	699	34	699	20	697	148	704	14	692	2	693	13	699	17	705	77
697	59	700	40	700	107	700	46	698	20	705	57	693	12	694	4	700	51	706	164
698	10	701	34	701	53	701	8	699	85	706	94	694	4	695	3	701	31	707	5
699	55	702	13	702	24	702	30	700	124	707	2	695	9	696	11	702	23	708	34
700	85	703	8	703	25	703	48	701	60	708	8	696	7	697	31	703	21	709	118
701	43	704	12	704	25	704	7	702	57	709	92	697	53	698	2	704	16	710	30
702	27	705	63	705	59	705	17	703	62	710	21	698	6	699	3	705	48	711	67
703	17	706	100	706	133	706	39	704	24	711	43	699	16	700	13	706	74	712	64
704	21	707	5	707	6	707	2	705	76	712	48	700	24	701	5	708	8	713	34
705	64	708	20	708	17	708	9	706	136	713	38	701	6	702	8	709	91	714	42
706	113	709	116	709	158	709	54	708	34	714	31	702	12	703	6	710	16	715	76
707	5	710	25	710	29	710	5	709	168	715	122	703	13	704	3	711	43	716	28
708	2	711	81	711	50	711	14	710	10	716	7	704	10	705	6	712	38	717	18
709	71	712	56	712	59	712	10	711	51	717	8	705	22	706	21	713	29	718	46
710	13	713	28	713	27	713	15	712	76	718	18	706	48	707	1	714	23	719	83
711	27	714	22	714	23	714	26	713	73	719	30	709	45	708	4	715	85	720	11
712	43	715	72	715	48	715	101	714	68	720	8	710	6	709	19	716	4	721	22
713	23	716	26	716	26	716	3	715	193	721	55	711	9	710	6	717	3	722	36
714	16	717	11	717	21	717	5	716	4	722	18	712	24	711	8	718	15	723	42
715	46	718	22	718	31	718	10	717	8	723	20	713	26	712	8	719	46	724	111
716	13	719	32	719	51	719	41	718	17	724	51	714	17	713	5	720	10	725	59
717	11	720	3	720	5	720	46	719	30	725	4	715	89	714	8	721	45	726	244
718	22	721	12	721	17	721	121	720	15	726	51	716	3	715	27	722	15	727	42
719	25	722	16	722	34	722	10	721	66	727	25	717	1	716	2	723	14	728	68
720	6	723	33	723	54	723	7	722	16	728	52	718	9	717	1	724	48	729	11
721	4	724	34	724	73	724	25	723	26	729	36	719	32	718	1	725	8	730	12
722	16	725	20	725	42	725	3	724	66	730	62	720	12	719	4	726	60	731	31
723	10	726	89	726	160	726	21	725	28	731	17	721	52	720	1	727	20	732	15
724	60	727	16	727	36	727	11	726	125	732	12	722	7	721	8	728	32	733	16
725	20	728	28	728	69	728	13	727	32	733	13	723	6	724	9	729	27	734	132
726	71	729	11	729	32	729	18	728	86	734	19	724	28	725	2	730	45	735	56
727	25	730	10	730	24	730	80	729	58	735	20	725	4	726	18	731	25	736	52
728	31	731	51	731	72	731	16	730	130	736	60	726	36	727	2	732	12	737	32
729	14	732	19	732	25	732	2	731	33	737	21	727	6	728	7	733	11	738	68
730	24	733	25	733	40	733	1	732	19	738	27	728	15	729	5	734	37	739	293
731	33	734	82	734	66	734	9	733	21	739	224	729	17	730	10	735	14	740	44
732	14	735	40	735	48	735	8	734	32	740	50	730	34	731	6	736	65	741	15
733	27	736	77	736	65	736	42	735	39	741	21	731	5	732	1	737	26	742	14
734	23	737	40	737	52	737	5	736	123	742	28	732	5	734	9	738	37	743	7
735	17	738	42	738	29	738	7	737	17	743	11	734	13	735	6	739	269	744	209
736	21	739	247	739	198	739	51	738	35	744	73	735	8	736	15	740	51	745	100
737	31	740	54	740	30	740	15	739	312	745	73	736	25	737	6	741	10	746	71
738	8	741	20	741	14	741	14	740	58	746	28	737	4	738	6	742	24	747	34
739	139	742	16	742	7	742	29	741	23	747	20	738	11	739	57	743	8	748	51
740	16	743	19	743	25	743	4	742	43	748	24	739	71	740	6	744	123	749	37
741	8	744	215	744	180	744	28	743	12	749	18	740	15	741	5	745	81	750	64
742	7	745	168	745	164	745	49	744	154	750	85	741	15	742	6	746	33	751	36
743	15	746	72	746	78	746	24	745	124	751	63	742	18	743	1	747	28	752	40
744	59	747	25	747	27	747	25	746	65	752	6	743	9	744	25	748	32	753	9
745	61	748	53	748	44	748	12	747	32	753	6	744	32	745	15	749	25	754	11
746	34	749	16	749	24	749	7	748	41	754	4	745	19	746	7	750	66	755	3
747	13	750	64	750	72	750	30	749	24	755	4	746	12	747	6	751	52	756	59
748	25	751	36	751	44	751	36	750	92	756	30	747	18	748	6	752	19	757	20
749	4	752	15	752	30	752	2	751	51	757	17	748	11	749	4	753	5	758	12
750	39	753	7	753	27	753	5	752	10	758	7	749	3	750	16	754	3	759	27
751	18	754	7	754	11	754	9	753	8	759	13	750	37	751	12	755	2	760	32
752	5	755	3	755	7	755	4	754	11	760	16	751	24	752	1	756	19	761	12
753	3	756	59	756	93	756	25	755	6	761	6	752	2	754	3	757	14	762	8
754	4	757	16	757	27	757	16	756	61	762	16	753	2	755	2	758	4	763	18
756	41	758	21	758	17	758	12	757	48	763	11	754	1	756	7	759	17	764	40
757	4	759	53	759	43	759	13	758	5	764	5	756	15	757	4	760	22	765	64
758	7	760	22	760	23	760	29	759	26	765	16	757	6	759	3	761	6	766	72
759	15	761	20	761	21	761	12	760	52	766	34	759	4	760	5	762	9	767	106
760	7	762	14	762	23	762	34	761	13	767	35	760	15	763	3	763	10	768	110
761	2	763	13	763	20	763	20	762	30	768	58	761	5	765	1	764	7	769	75
762	10	764	43	764	41	764	5	763	31	769	35	762	7	766	6	765	8	770	92
763	9	765	53	765	48	765	6	764	7	770	50	763	4	767	7	766	25	771	114
764	26	766	62	766	76	766	13	765	17	771	119	764	4	768	9	767	20	772	71
765	16	767	128	767	151	767	8	766	27	772	156	765	3	769	7	768	84	773	32
766	30	768	172	768	157	768	18	767	33	773	60	766	7	770	7	769	30	774	9
767	24	769	89	769	90	769	19	768	63	774	16	767	6	771	25	770	53	775	10
768	65	770	109	770	89	770	15	769	47	775	13	768	14	772	15	771	119	776	28
769	41	771	127	771	110	771	40	770	59	776	11	769	7	773	12	772	134	777	86
770	45	772	100	772	77	772	128	771	165	777	9	770	25	774	4	773	22	778	404
771	63	773	42	773	35	773	56	772	232	778	60	771	47	775	1	774	11	779	188
772	66	774	19	774	16	774	24	773	77	779	47	772	67	776	1	775	8	780	11
773	22	775	5	775	3	775	8	774	17	780	3	773	9	777	6	777	21	781	36
774	5	776	19	776	28	776	7	775	4	781	18	774	1	778	24	778	157	782	19
775	1	777	43	777	45	777	3	776	6	782	3	775	3	779	19	779	74	783	21
776	8	778	233	778	157	778	30	777	25	783	10	777	5	780	4	780	5	784	61
777	12	779	110	779	135	779	15	778	96	784	34	778	40	781	4	781	17	785	68
778	61	780	6	780	4	780	2	779	68	785	20	779	23	782	1	782	3	786	45
779	47	781	14	781	16	781	11	780	12	786	34	780	1	783	1	783	11	787	114
780	1	782	3	782	9	782	6	781	30	787	74	781	6	784	2	784	25	788	68
781	10	783	2	783	21	783	5	782	9	788	10	783	3	785	4	785	15	789	185
782	4	784	23	784	46	784	22	783	12	789	40	784	15	786	16	786	25	790	576
783	12	785	19	785	60	785	8	784	55	790	141	785	12	787	16	787	69	791	67
784	21	786	18	786	46	786	15	785	42	791	28	786	11	789	5	788	14	792	35
785	12	787	22	787	46	787	41	786	100	792	43	787	37	790	38	789	72	793	39
786	21	788	22	788	65	789	5	787	146	793	90	788	2	791	5	790	323	794	17
787	24	789	72	789	126	790	17	788	19	794	7	789	9	792	10	791	41	795	110
788	10	790	221	790	435	791	7	789	44	795	17	790	47	793	10	792	42	796	475
789	17	791	22	791	47	792	18	790	178	796	90	791	14	795	5	793	59	797	142
790	83	792	20	792	20	793	32	791	61	797	53	792	24	796	20	794	4	798	29
791	10	793	17	793	32	794	1	792	62	798	44	793	48	797	5	795	36	799	31
792	12	794	8	794	12	795	3	793	101	799	91	795	9	798	3	796	136	800	20
793	17	795	53	795	57	796	15	794	4	800	4	796	32	799	9	797	66	801	73
794	4	796	219	796	274	797	19	795	13	801	5	797	17	800	4	798	28	802	381
795	16	797	75	797	77	798	19	796	50	802	29	798	10	802	5	799	49	803	154
796	44	798	19	798	24	799	36	797	49	803	12	799	30	803	2	800	5	804	69
797	24	799	20	799	25	800	2	798	25	804	12	800	3	804	2	801	7	805	139
798	11	800	18	800	13	801	5	799	56	805	26	801	1	805	1	802	31	806	269
799	12	801	31	801	36	802	12	800	4	806	44	802	10	806	8	803	18	807	50
800	5	802	219	802	198	803	2	801	4	807	9	803	5	810	6	804	17	808	16
801	5	803	99	803	96	804	6	802	30	808	14	804	12	811	1	805	10	809	35
802	48	804	47	804	46	805	17	803	11	809	1	805	18	812	12	806	57	810	39
803	22	805	57	805	39	806	10	804	17	810	14	806	20	813	21	807	14	811	55
804	15	806	155	806	140	807	22	805	29	811	20	807	6	814	3	808	7	812	107
805	11	807	26	807	22	808	13	806	43	812	30	808	11	815	6	809	8	813	55
806	30	808	17	808	9	809	3	807	24	813	30	809	3	816	16	810	20	814	49
807	11	809	15	809	33	810	5	808	13	814	8	810	3	817	15	811	20	815	67
808	1	810	30	810	41	811	5	809	10	815	18	811	8	818	4	812	36	816	112
809	7	811	55	811	53	812	3	810	18	816	33	812	11	819	3	813	35	817	79
810	11	812	68	812	88	813	20	811	32	817	70	813	15	820	5	814	9	818	29
811	9	813	43	813	43	814	2	812	62	818	7	814	1	821	2	815	20	819	20
812	25	814	20	814	28	815	4	813	72	819	7	815	7	823	2	816	49	820	89
813	8	815	46	815	36	816	13	814	22	820	22	816	34	824	1	817	76	821	52
814	3	816	31	816	35	817	42	815	24	821	6	817	37	826	2	818	7	822	23
815	27	817	29	817	46	818	7	816	94	822	6	818	4	827	2	819	5	823	62
816	12	818	22	818	27	819	1	817	106	823	6	819	1	828	2	820	19	824	47
817	17	819	12	819	25	820	9	818	7	824	11	820	13	829	1	821	13	825	73
818	9	820	60	820	81	821	8	819	2	825	22	821	4	830	1	822	4	826	81
819	11	821	33	821	37	823	2	820	15	826	31	822	2	831	3	823	5	827	82
820	18	822	7	822	18	824	3	821	6	827	17	823	4	832	12	824	14	828	7
821	12	823	19	823	15	825	8	822	2	828	5	824	7	833	1	825	30	829	42
822	10	824	55	824	40	826	8	823	4	829	32	825	18	834	5	826	21	830	30
823	5	825	83	825	52	827	12	824	5	830	21	826	10	835	3	827	12	831	37
824	23	826	71	826	44	828	6	825	16	831	13	827	8	836	1	828	9	832	294
825	10	827	120	827	60	829	27	826	13	832	175	828	4	837	2	829	44	833	50
826	8	828	16	828	13	830	22	827	4	833	19	829	37	838	7	830	28	834	75
827	11	829	67	829	37	831	13	828	1	834	53	830	16	839	5	831	25	835	42
828	4	830	26	830	20	832	122	829	27	835	45	831	16	840	10	832	136	836	9
829	14	831	57	831	15	833	2	830	10	837	7	832	109	841	4	833	14	837	50
830	6	832	400	832	229	834	17	831	7	838	18	833	7	842	4	834	72	838	47
831	9	833	203	833	79	835	23	832	96	839	24	834	29	843	6	835	32	839	122
832	61	834	193	834	63	836	1	833	7	840	20	835	21	844	17	836	5	840	79
833	18	835	115	835	43	837	5	834	31	841	6	836	6	845	8	837	6	841	16
834	17	836	41	836	27	838	10	835	27	842	10	837	10	846	32	838	16	842	81
835	11	837	79	837	79	839	7	836	6	843	30	838	6	847	8	839	28	843	81
836	7	838	199	838	152	840	32	837	19	844	54	839	2	848	2	840	19	844	110
837	17	839	124	839	133	841	12	838	29	845	47	840	12	849	9	841	3	845	113
838	38	840	101	840	108	842	3	839	35	846	88	841	7	850	18	842	22	846	102
839	22	841	16	841	35	843	11	840	80	847	18	842	5	852	1	843	23	847	28
840	41	842	93	842	129	844	32	841	28	848	11	843	13	853	1	844	70	848	23
841	5	843	85	843	128	845	19	842	31	849	36	844	25	854	1	845	55	849	93
842	24	844	101	844	129	846	46	843	49	850	60	845	19	855	4	846	91	850	69
843	32	845	139	845	157	847	10	844	129	851	10	846	47	857	3	847	21	851	46
844	36	846	93	846	114	848	6	845	151	852	7	847	8	858	9	848	16	852	18
845	50	847	41	847	48	849	5	846	278	853	6	848	2	859	5	849	53	853	18
846	36	848	23	848	38	850	16	847	56	854	8	849	13	860	3	850	67	854	38
847	10	849	69	849	89	851	2	848	17	855	32	850	20	861	14	851	16	855	69
848	10	850	84	850	113	852	2	849	33	856	5	851	2	862	1	852	12	856	9
849	14	851	32	851	48	853	2	850	41	857	11	852	2	863	2	853	17	857	61
850	29	852	19	852	35	854	2	851	15	858	17	853	1	864	5	854	16	858	57
851	5	853	18	853	31	855	7	852	7	859	33	854	1	865	22	855	42	859	82
852	6	854	37	854	30	856	6	853	5	860	14	855	8	866	14	856	5	860	19
853	8	855	137	855	121	858	5	854	10	861	79	856	3	867	14	857	18	861	85
854	9	856	13	856	19	859	17	855	24	862	17	857	3	868	9	858	20	862	22
855	27	857	108	857	107	860	2	856	2	863	12	858	4	869	1	859	41	863	15
856	4	858	121	858	122	861	29	857	9	864	23	859	8	870	2	860	14	864	75
857	28	859	102	859	96	862	18	858	14	865	72	860	4	871	19	861	69	865	154
858	16	860	52	860	32	863	4	859	18	866	15	861	5	872	4	862	12	866	28
859	34	861	277	861	198	864	5	860	8	867	25	862	3	873	16	863	8	867	46
860	11	862	39	862	38	865	19	861	75	868	24	863	3	874	3	864	34	868	27
861	57	863	54	863	32	866	6	862	15	869	4	864	4	875	3	865	83	869	17
862	13	864	107	864	76	867	12	863	9	870	17	865	9	876	6	866	25	870	39
863	13	865	359	865	271	868	19	864	31	871	72	866	3	877	4	867	34	871	180
864	31	866	93	866	78	869	2	865	135	872	27	867	10	878	3	868	33	872	49
865	60	867	92	867	52	871	20	866	44	873	115	868	11	879	1	869	3	873	159
866	10	868	70	868	53	872	3	867	136	874	86	870	1	881	4	870	15	874	88
867	29	869	21	869	47	873	13	868	93	875	47	871	10	882	3	871	90	875	63
868	13	870	38	870	105	874	10	869	12	876	48	872	1	883	2	872	27	876	40
869	7	871	278	871	464	875	2	870	22	877	29	873	9	885	3	873	128	877	13
870	39	872	26	872	94	876	8	871	156	878	19	874	9	886	3	874	72	878	25
871	111	873	61	873	225	877	8	872	15	879	57	875	6	887	1	875	47	879	42
872	26	874	44	874	141	878	4	873	108	880	22	876	5	888	2	876	50	880	19
873	84	875	27	875	77	879	6	874	69	881	70	877	3	889	3	877	18	881	60
874	70	876	16	876	72	880	1	875	15	882	106	878	4	890	1	878	28	882	58
875	26	877	5	877	24	881	8	876	24	883	129	879	4	891	4	879	34	883	30
876	20	878	4	878	21	882	17	877	12	884	6	880	4	892	8	880	21	884	34
877	7	879	13	879	46	883	63	878	7	885	15	881	11	893	3	881	50	885	27
878	12	880	3	880	20	884	1	879	13	886	66	882	18	894	12	882	91	886	82
879	11	881	27	881	76	885	5	880	16	887	42	883	31	895	1	883	100	887	95
880	5	882	20	882	75	886	8	881	24	888	37	884	1	896	2	884	10	888	45
881	16	883	18	883	78	887	8	882	48	889	55	885	1	898	3	885	9	889	45
882	21	884	9	884	29	888	8	883	51	890	37	886	4	900	2	886	35	890	100
883	27	885	24	885	61	889	10	884	5	891	62	887	5	901	1	887	51	891	81
884	11	886	60	886	108	890	11	885	4	892	133	888	3	902	1	888	28	892	159
885	12	887	77	887	150	891	9	886	15	893	12	889	15	903	2	889	54	893	100
886	20	888	31	888	57	892	40	887	8	894	32	890	8	904	1	890	31	894	108
887	43	889	24	889	59	893	10	888	10	895	15	891	8	905	2	891	39	895	50
888	7	890	51	890	90	894	14	889	7	896	3	892	29	909	1	892	123	896	37
889	14	891	31	891	69	895	17	890	14	897	2	893	5	911	4	893	16	897	24
890	22	892	90	892	157	896	11	891	20	898	5	894	9	916	1	894	36	898	39
891	21	893	73	893	104	897	2	892	54	899	4	895	9	920	1	895	18	899	6
892	63	894	82	894	112	898	5	893	16	900	3	896	3	924	1	896	9	900	50
893	38	895	46	895	61	899	1	894	31	901	7	897	1	932	1	897	3	901	28
894	36	896	18	896	27	900	13	895	18	902	3	898	5	941	1	898	8	902	45
895	15	897	28	897	35	901	3	896	18	903	7	899	2			899	1	903	78
896	20	898	16	898	33	902	2	897	5	904	6	900	9			900	3	904	52
897	11	899	5	899	10	903	8	898	10	905	3	901	1			901	4	905	53
898	10	900	38	900	34	904	8	899	2	906	6	902	7			902	4	906	29
899	2	901	32	901	25	905	6	900	9	907	10	903	14			903	13	907	34
900	19	902	31	902	31	906	4	901	8	909	1	904	7			904	4	908	45
901	4	903	50	903	71	907	13	902	4	910	5	905	6			905	3	909	27
902	10	904	31	904	64	908	4	903	24	911	5	906	3			906	3	910	36
903	21	905	28	905	58	909	2	904	11	912	4	907	12			907	5	911	89
904	18	906	13	906	26	910	6	905	6	913	7	908	5			908	1	912	57
905	9	907	18	907	21	911	8	906	6	914	4	910	10			909	2	913	50
906	8	908	4	908	31	912	9	907	20	915	2	911	14			910	5	914	20
907	7	909	2	909	14	913	42	908	1	916	1	912	15			911	8	915	17
908	7	910	5	910	24	914	2	910	6	917	3	913	32			912	3	916	30
909	6	911	22	911	83	916	64	911	4	918	3	914	5			913	12	917	19
910	4	912	14	912	70	917	3	912	4	919	6	915	1			914	1	918	12
911	18	913	11	913	68	918	7	913	4	921	3	916	3			915	2	919	25
912	16	914	4	914	38	919	21	914	3	922	14	917	3			916	5	920	18
913	9	915	3	915	34	921	3	916	1	923	4	918	7			917	5	921	21
914	5	916	6	916	60	922	5	917	1	924	4	919	12			918	5	922	28
915	5	917	5	917	50	923	4	918	3	925	10	920	1			919	12	923	30
916	6	918	3	918	31	924	5	919	2	926	1	921	4			920	2	924	30
917	6	919	7	919	58	925	15	921	3	927	5	922	8			921	3	925	17
918	5	920	3	920	22	927	3	922	2	928	1	923	3			922	11	926	10
919	11	921	2	921	30	928	15	923	1	929	4	924	2			923	5	927	3
920	2	922	6	922	49	929	7	925	3	930	2	925	10			924	9	928	6
921	3	923	3	923	73	930	3	926	1	931	3	928	4			925	6	929	54
922	9	924	8	924	88	931	2	930	1	932	4	929	4			926	2	930	12
923	4	925	3	925	65	932	5	932	1	933	2	930	3			927	1	931	34
924	12	926	1	926	7	933	2	934	2	934	2	933	6			928	6	932	49
925	5	927	3	927	24	934	4	951	1	967	1	934	7			929	5	933	44
926	1	928	1	928	14	935	3	982	1	996	1	935	1			930	2	934	32
927	2	929	18	929	34	936	7	1021	1	1050	1	936	7			931	3	935	24
928	2	930	6	930	11	937	4	1165	1	1096	1	937	6			932	6	936	160
929	21	931	4	931	21	938	7					938	6			933	6	937	17
930	8	932	3	932	10	952	3					992	1			934	3	938	38
931	7	933	9	933	24	959	1					994	1			935	1	946	1
932	14	934	3	934	6	960	1					1002	1			936	1	948	1
933	20	936	12	935	3	977	1					1103	1			937	1	984	1
934	15	937	1	936	15	985	1												
935	8	988	1	939	2	990	2												
936	38	1104	1	945	1	1001	1												
937	3			1001	1	1011	1												
938	9			1035	1	1018	1												
949	1			1088	1	1021	1												
954	2					1033	1												
955	2					1043	1												
969	1					1101	1												
1035	1					1155	1												
