start	RS3
300	109
301	18
302	8
303	6
304	93
305	42
306	30
307	41
308	10
309	137
310	212
311	68
312	82
313	16
314	30
315	21
316	17
317	71
318	86
319	90
320	50
321	112
322	37
323	25
324	51
325	17
326	11
327	45
328	17
329	31
330	7
331	21
332	17
333	3
334	10
335	35
336	26
337	50
338	68
339	21
340	50
341	30
342	18
343	116
344	64
345	31
346	98
347	15
348	11
349	40
350	6
351	11
352	29
353	9
354	28
355	32
356	27
357	15
358	49
359	89
360	22
361	32
362	73
363	11
364	56
365	27
366	22
367	22
368	9
369	29
370	12
371	5
372	78
373	29
374	19
375	18
376	36
377	10
378	47
379	35
380	33
381	43
382	61
383	103
384	81
385	95
386	38
387	8
388	11
389	26
390	134
391	329
392	58
393	156
394	129
395	38
396	103
397	251
398	28
399	15
400	41
401	8
402	35
403	27
404	19
405	14
406	72
407	81
408	56
409	43
410	94
411	29
412	83
413	25
414	47
415	41
416	36
417	8
418	21
419	12
420	14
421	72
422	25
423	25
424	48
425	9
426	42
427	17
428	40
429	28
430	185
431	9
432	17
433	7
434	19
435	12
436	42
437	52
438	37
439	26
440	23
441	56
442	47
443	84
444	22
445	19
446	43
447	49
448	29
449	30
450	60
451	84
452	35
453	69
454	24
455	23
456	10
457	26
458	3
459	27
460	30
461	10
462	20
463	20
464	15
465	27
466	51
467	52
468	22
469	27
470	22
471	26
472	115
473	90
474	242
475	81
476	59
477	58
478	22
479	34
480	127
481	43
482	51
483	35
484	71
485	15
486	157
487	133
488	40
489	81
490	23
491	70
492	25
493	255
494	27
495	136
496	96
497	93
498	104
499	19
500	4
501	13
502	21
503	45
504	66
505	46
506	21
507	14
508	54
509	26
510	21
511	76
512	15
513	35
514	69
515	24
516	17
517	74
518	21
519	13
520	18
521	59
522	3
523	14
524	24
525	21
526	20
527	84
528	70
529	14
530	18
531	56
532	16
533	10
534	27
535	34
536	56
537	20
538	53
539	3
540	24
541	17
542	24
543	9
544	40
545	23
546	21
547	35
548	14
549	83
550	74
551	24
552	29
553	30
554	39
555	74
556	45
557	33
558	24
559	56
560	52
561	9
562	91
563	46
564	211
565	41
566	36
567	33
568	65
569	10
570	20
571	90
572	30
573	31
574	42
575	9
576	46
577	99
578	90
579	32
580	67
581	16
582	22
583	23
584	22
585	45
586	33
587	15
588	23
589	14
590	2
591	21
592	36
593	37
594	8
595	2
596	17
597	22
598	27
599	6
600	1
601	13
602	34
603	19
604	18
605	19
606	10
607	42
608	47
609	10
610	8
611	90
612	41
613	81
614	48
615	23
616	102
617	289
618	71
619	52
620	3
621	3
622	56
623	40
624	29
625	7
626	23
627	79
628	6
629	45
630	37
631	37
632	11
633	52
634	113
635	9
636	43
637	25
638	22
639	2
640	4
641	15
642	13
643	26
644	21
645	30
646	34
647	26
648	24
649	22
650	12
651	32
652	118
653	48
654	9
655	61
656	16
657	20
658	271
659	13
660	100
661	173
662	66
663	60
664	125
665	134
666	13
667	2
668	54
669	97
670	435
671	54
672	28
673	26
674	16
675	116
676	4
677	14
678	23
679	19
680	4
681	39
682	37
683	74
684	98
685	45
686	80
687	87
688	27
689	82
690	64
691	58
692	36
693	197
694	53
695	48
696	71
697	58
698	8
699	31
700	40
701	34
702	13
703	8
704	12
705	63
706	100
707	5
708	20
709	116
710	25
711	81
712	56
713	28
714	22
715	72
716	26
717	11
718	22
719	32
720	3
721	12
722	16
723	33
724	34
725	20
726	89
727	16
728	28
729	11
730	10
731	51
732	19
733	25
734	82
735	40
736	77
737	40
738	42
739	247
740	54
741	20
742	16
743	19
744	215
745	168
746	72
747	25
748	53
749	16
750	64
751	36
752	15
753	7
754	7
755	3
756	59
757	16
758	21
759	53
760	22
761	20
762	14
763	13
764	43
765	53
766	62
767	128
768	172
769	89
770	109
771	127
772	100
773	42
774	19
775	5
776	19
777	43
778	233
779	110
780	6
781	14
782	3
783	2
784	23
785	19
786	18
787	22
788	22
789	72
790	221
791	22
792	20
793	17
794	8
795	53
796	219
797	75
798	19
799	20
800	18
801	31
802	219
803	99
804	47
805	57
806	155
807	26
808	17
809	15
810	30
811	55
812	68
813	43
814	20
815	46
816	31
817	29
818	22
819	12
820	60
821	33
822	7
823	19
824	55
825	83
826	71
827	120
828	16
829	67
830	26
831	57
832	400
833	203
834	193
835	115
836	41
837	79
838	199
839	124
840	101
841	16
842	93
843	85
844	101
845	139
846	93
847	41
848	23
849	69
850	84
851	32
852	19
853	18
854	37
855	137
856	13
857	108
858	121
859	102
860	52
861	277
862	39
863	54
864	107
865	359
866	93
867	92
868	70
869	21
870	38
871	278
872	26
873	61
874	44
875	27
876	16
877	5
878	4
879	13
880	3
881	27
882	20
883	18
884	9
885	24
886	60
887	77
888	31
889	24
890	51
891	31
892	90
893	73
894	82
895	46
896	18
897	28
898	16
899	5
900	38
901	32
902	31
903	50
904	31
905	28
906	13
907	18
908	4
909	2
910	5
911	22
912	14
913	11
914	4
915	3
916	6
917	5
918	3
919	7
920	3
921	2
922	6
923	3
924	8
925	3
926	1
927	3
928	1
929	18
930	6
931	4
932	3
933	9
934	3
936	12