0.015914822
0.031825614
0.047728344
0.063618984
0.07949351
0.0953479
0.111178139
0.126980217
0.142750131
0.158483887
0.174177499
0.189826992
0.205428403
0.220977779
0.236471182
0.251904687
0.267274386
0.282576385
0.297806807
0.312961796
0.328037513
0.343030138
0.357935875
0.372750947
0.387471602
0.402094112
0.416614772
0.431029905
0.445335859
0.45952901
0.473605764
0.487562555
0.501395847
0.515102137
0.528677952
0.542119855
0.55542444
0.568588338
0.581608213
0.594480769
0.607202743
0.619770915
0.632182101
0.644433156
0.656520977
0.668442504
0.680194716
0.691774636
0.703179331
0.714405912
0.725451536
0.736313405
0.746988768
0.75747492
0.767769205
0.777869017
0.787771796
0.797475034
0.806976274
0.816273109
0.825363183
0.834244195
0.842913895
0.851370087
0.859610629
0.867633434
0.875436469
0.883017758
0.890375381
0.897507474
0.90441223
0.911087901
0.917532796
0.923745282
0.929723785
0.935466791
0.940972846
0.946240555
0.951268583
0.956055657
0.960600565
0.964902155
0.968959337
0.972771084
0.976336431
0.979654474
0.982724373
0.98554535
0.988116691
0.990437744
0.992507922
0.994326699
0.995893617
0.997208276
0.998270346
0.999079556
0.999635701
0.999938641
0.999988299
0.999784662
0.999327782
0.998617775
0.997654821
0.996439162
0.994971108
0.993251031
0.991279365
0.98905661
0.98658333
0.983860151
0.980887762
0.977666917
0.974198431
0.970483183
0.966522113
0.962316226
0.957866587
0.953174322
0.948240621
0.943066732
0.937653967
0.932003697
0.926117352
0.919996423
0.913642462
0.907057078
0.900241938
0.893198768
0.885929354
0.878435536
0.870719213
0.862782338
0.854626922
0.846255032
0.837668787
0.828870363
0.819861988
0.810645943
0.801224564
0.791600237
0.781775399
0.77175254
0.761534197
0.75112296
0.740521465
0.729732398
0.718758491
0.707602524
0.696267323
0.68475576
0.673070749
0.661215252
0.64919227
0.637004849
0.624656076
0.61214908
0.599487027
0.586673126
0.573710622
0.560602799
0.547352976
0.53396451
0.520440792
0.506785248
0.493001336
0.479092548
0.465062407
0.450914467
0.436652311
0.422279552
0.407799831
0.393216815
0.378534199
0.3637557
0.348885063
0.333926055
0.318882463
0.3037581
0.288556795
0.273282399
0.257938782
0.24252983
0.227059445
0.211531546
0.195950068
0.180318955
0.164642168
0.148923678
0.133167466
0.117377522
0.101557847
0.085712448
0.069845338
0.053960537
0.038062067
0.022153956
0.006240234
-0.009675069
-0.025587921
-0.041494292
-0.057390152
-0.073271476
-0.08913424
-0.104974427
-0.120788023
-0.136571025
-0.152319433
-0.16802926
-0.183696525
-0.19931726
-0.214887508
-0.230403326
-0.245860783
-0.261255965
-0.276584971
-0.291843918
-0.307028942
-0.322136197
-0.337161855
-0.352102111
-0.36695318
-0.381711301
-0.396372735
-0.410933769
-0.425390715
-0.43973991
-0.45397772
-0.468100538
-0.482104788
-0.495986922
-0.509743423
-0.523370808
-0.536865624
-0.550224453
-0.563443912
-0.576520652
-0.58945136
-0.602232762
-0.61486162
-0.627334734
-0.639648947
-0.651801138
-0.663788229
-0.675607184
-0.687255009
-0.698728755
-0.710025514
-0.721142425
-0.732076673
-0.742825487
-0.753386146
-0.763755973
-0.773932343
-0.783912678
-0.79369445
-0.80327518
-0.812652443
-0.821823863
-0.830787117
-0.839539935
-0.848080099
-0.856405447
-0.864513869
-0.872403311
-0.880071776
-0.887517321
-0.89473806
-0.901732164
-0.908497862
-0.915033439
-0.92133724
-0.927407669
-0.933243187
-0.938842318
-0.944203641
-0.949325801
-0.954207498
-0.958847497
-0.963244622
-0.967397759
-0.971305857
-0.974967926
-0.978383037
-0.981550326
-0.984468991
-0.987138293
-0.989557554
-0.991726163
-0.993643571
-0.99530929
-0.9967229
-0.997884043
-0.998792424
-0.999447813
-0.999850044
-0.999999016
-0.999894691
-0.999537094
-0.998926317
-0.998062515
-0.996945906
-0.995576772
-0.993955462
-0.992082385
-0.989958015
-0.987582892
-0.984957617
-0.982082854
-0.978959331
-0.975587841
-0.971969237
-0.968104435
-0.963994414
-0.959640216
-0.955042944
-0.950203761
-0.945123895
-0.93980463
-0.934247315
-0.928453358
-0.922424225
-0.916161445
-0.909666603
-0.902941345
-0.895987374
-0.888806451
-0.881400396
-0.873771085
-0.865920449
-0.857850477
-0.849563215
-0.841060759
-0.832345265
-0.82341894
-0.814284045
-0.804942894
-0.795397853
-0.785651339
-0.775705822
-0.76556382
-0.755227903
-0.744700688
-0.733984843
-0.72308308
-0.711998163
-0.700732898
-0.689290139
-0.677672785
-0.665883778
-0.653926104
-0.641802792
-0.629516913
-0.617071579
-0.604469942
-0.591715194
-0.578810566
-0.565759327
-0.552564782
-0.539230274
-0.525759181
-0.512154914
-0.498420919
-0.484560675
-0.470577693
-0.456475515
-0.442257713
-0.427927888
-0.41348967
-0.398946716
-0.38430271
-0.369561361
-0.354726403
-0.339801593
-0.324790713
-0.309697563
-0.294525969
-0.279279771
-0.263962832
-0.248579033
-0.233132269
-0.217626453
-0.202065513
-0.18645339
-0.170794039
-0.155091426
-0.139349529
-0.123572335
-0.10776384
-0.091928049
-0.076068973
-0.060190629
-0.044297038
-0.028392228
-0.012480225
0.003434938
0.019349232
0.035258624
0.051159086
0.067046588
0.082917109
0.098766626
0.114591126
0.130386601
0.146149049
0.161874478
0.177558904
0.193198355
0.208788869
0.224326498
0.239807305
0.25522737
0.270582786
0.285869664
0.301084132
0.316222336
0.331280442
0.346254636
0.361141123
0.375936135
0.390635923
0.405236764
0.419734959
0.434126836
0.44840875
0.462577084
0.476628247
0.490558682
0.504364859
0.518043282
0.531590486
0.54500304
0.558277545
0.57141064
0.584398998
0.597239329
0.609928381
0.622462939
0.634839829
0.647055916
0.659108105
0.670993343
0.682708621
0.69425097
0.705617466
0.716805232
0.727811433
0.73863328
0.749268034
0.759713
0.769965532
0.780023034
0.789882958
0.799542806
0.809000132
0.818252541
0.827297688
0.836133282
0.844757086
0.853166915
0.861360639
0.869336182
0.877091524
0.884624701
0.891933805
0.899016984
0.905872445
0.91249845
0.918893321
0.925055439
0.930983242
0.93667523
0.94212996
0.947346051
0.952322181
0.95705709
0.961549579
0.96579851
0.969802807
0.973561454
0.977073501
0.980338058
0.983354297
0.986121455
0.988638831
0.990905786
0.992921748
0.994686205
0.996198711
0.997458881
0.998466398
0.999221006
0.999722513
0.999970793
0.999965783
0.999707483
0.999195961
0.998431344
0.997413827
0.996143668
0.994621187
0.992846772
0.990820871
0.988543997
0.986016727
0.983239702
0.980213624
0.976939261
0.973417441
0.969649057
0.965635064
0.961376477
0.956874375
0.9521299
0.947144253
0.941918696
0.936454553
0.930753209
0.924816107
0.918644752
0.912240706
0.905605591
0.898741089
0.891648938
0.884330934
0.876788931
0.86902484
0.861040627
0.852838314
0.84441998
0.835787756
0.826943829
0.817890439
0.808629879
0.799164495
0.789496685
0.779628897
0.769563631
0.759303436
0.748850912
0.738208706
0.727379513
0.716366076
0.705171186
0.693797677
0.682248431
0.670526374
0.658634473
0.646575742
0.634353235
0.621970048
0.609429317
0.59673422
0.58388797
0.570893824
0.557755071
0.544475041
0.531057096
0.517504636
0.503821093
0.490009933
0.476074655
0.462018788
0.447845893
0.43355956
0.419163408
0.404661082
0.390056256
0.37535263
0.360553929
0.345663899
0.330686314
0.315624967
0.300483673
0.285266267
0.269976604
0.254618556
0.239196014
0.223712885
0.208173089
0.192580564
0.176939258
0.161253134
0.145526165
0.129762335
0.113965636
0.09814007
0.082289645
0.066418377
0.050530285
0.034629393
0.018719731
0.002805326
-0.013109789
-0.029021583
-0.044926027
-0.06081909
-0.076696749
-0.09255498
-0.108389767
-0.1241971
-0.139972973
-0.155713392
-0.171414369
-0.187071927
-0.2026821
-0.218240934
-0.233744489
-0.249188836
-0.264570065
-0.279884278
-0.295127598
-0.310296162
-0.325386129
-0.340393677
-0.355315004
-0.37014633
-0.384883899
-0.399523978
-0.414062858
-0.428496858
-0.44282232
-0.457035616
-0.471133146
-0.48511134
-0.498966655
-0.512695584
-0.526294648
-0.539760403
-0.553089438
-0.566278377
-0.579323879
-0.592222639
-0.604971391
-0.617566905
-0.630005991
-0.642285497
-0.654402315
-0.666353374
-0.678135647
-0.68974615
-0.701181942
-0.712440126
-0.723517851
-0.73441231
-0.745120745
-0.755640442
-0.765968738
-0.776103015
-0.786040707
-0.795779297
-0.805316318
-0.814649355
-0.823776042
-0.832694069
-0.841401177
-0.84989516
-0.858173866
-0.866235199
-0.874077117
-0.881697633
-0.889094817
-0.896266796
-0.903211752
-0.909927927
-0.916413619
-0.922667186
-0.928687044
-0.934471667
-0.940019591
-0.94532941
-0.95039978
-0.955229415
-0.959817093
-0.964161652
-0.968261991
-0.972117072
-0.975725917
-0.979087614
-0.98220131
-0.985066216
-0.987681608
-0.990046823
-0.992161261
-0.994024386
-0.995635728
-0.996994878
-0.998101491
-0.998955288
-0.999556051
-0.99990363
-0.999997935
-0.999838943
-0.999426694
-0.998761293
-0.997842908
-0.996671772
-0.995248181
-0.993572497
-0.991645142
-0.989466607
-0.987037441
-0.984358262
-0.981429747
-0.978252638
-0.97482774
-0.971155921
-0.96723811
-0.9630753
-0.958668545
-0.954018962
-0.949127728
-0.943996083
-0.938625325
-0.933016816
-0.927171976
-0.921092286
-0.914779285
-0.908234572
-0.901459806
-0.894456702
-0.887227035
-0.879772635
-0.872095391
-0.864197247
-0.856080204
-0.847746318
-0.8391977
-0.830436515
-0.821464982
-0.812285375
-0.802900017
-0.793311287
-0.783521613
-0.773533474
-0.763349402
-0.752971975
-0.742403822
-0.73164762
-0.720706093
-0.709582013
-0.698278198
-0.68679751
-0.675142859
-0.663317195
-0.651323515
-0.639164855
-0.626844297
-0.614364961
-0.601730008
-0.588942638
-0.57600609
-0.562923641
-0.549698605
-0.536334331
-0.522834206
-0.509201647
-0.49544011
-0.481553078
-0.46754407
-0.453416634
-0.439174349
-0.424820822
-0.410359689
-0.395794613
-0.381129283
-0.366367414
-0.351512745
-0.336569039
-0.32154008
-0.306429676
-0.291241655
-0.275979862
-0.260648165
-0.245250445
-0.229790605
-0.214272559
-0.198700238
-0.183077587
-0.167408563
-0.151697135
-0.135947282
-0.120162994
-0.104348269
-0.088507113
-0.072643538
-0.056761563
-0.040865211
-0.024958507
-0.009045481
0.006869836
0.022783413
0.038691218
0.054589224
0.070473402
0.086339729
0.102184187
0.118002762
0.133791447
0.149546243
0.165263159
0.180938214
0.196567438
0.212146872
0.22767257
0.243140599
0.258547041
0.273887993
0.289159571
0.304357905
0.319479146
0.334519463
0.349475048
0.364342111
0.379116887
0.393795634
0.408374634
0.422850193
0.437218645
0.451476351
0.465619699
0.479645107
0.493549021
0.507327921
0.520978316
0.534496748
0.547879794
0.561124063
0.5742262
0.587182887
0.599990843
0.612646822
0.625147619
0.637490068
0.649671042
0.661687456
0.673536266
0.685214471
0.696719112
0.708047277
0.719196094
0.730162742
0.74094444
0.751538459
0.761942116
0.772152774
0.782167847
0.7919848
0.801601144
0.811014445
0.820222318
0.829222431
0.838012503
0.846590309
0.854953676
0.863100485
0.871028672
0.878736231
0.886221207
0.893481705
0.900515887
0.907321971
0.913898231
0.920243004
0.926354681
0.932231715
0.937872617
0.943275958
0.948440369
0.953364542
0.958047231
0.962487249
0.966683471
0.970634834
0.974340338
0.977799043
0.981010075
0.983972619
0.986685925
0.989149306
0.991362137
0.993323859
0.995033975
0.996492051
0.997697717
0.99865067
0.999350666
0.999797529
0.999991146
0.999931468
0.999618509
0.99905235
0.998233133
0.997161065
0.995836419
0.994259531
0.992430798
0.990350686
0.988019719
0.98543849
0.982607652
0.979527921
0.976200079
0.972624967
0.968803491
0.96473662
0.960425384
0.955870874
0.951074244
0.94603671
0.940759546
0.935244091
0.92949174
0.923503951
0.917282241
0.910828186
0.90414342
0.897229636
0.890088587
0.88272208
0.875131981
0.867320214
0.859288757
0.851039644
0.842574965
0.833896863
0.825007538
0.815909239
0.806604273
0.797094997
0.787383817
0.777473196
0.767365642
0.757063716
0.746570028
0.735887236
0.725018045
0.713965209
0.702731527
0.691319845
0.679733053
0.667974086
0.656045924
0.643951586
0.631694137
0.619276681
0.606702364
0.593974371
0.581095925
0.56807029
0.554900763
0.541590681
0.528143416
0.514562373
0.500850993
0.487012749
0.473051145
0.458969719
0.444772036
0.430461694
0.416042317
0.401517558
0.386891095
0.372166633
0.357347903
0.342438657
0.327442672
0.312363747
0.297205701
0.281972373
0.266667623
0.251295326
0.235859377
0.220363685
0.204812175
0.189208787
0.173557473
0.157862197
0.142126935
0.126355673
0.110552405
0.094721135
0.078865871
0.062990632
0.047099436
0.031196311
0.015285284
-0.000629615
-0.016544355
-0.032454904
-0.048357232
-0.064247311
-0.080121117
-0.095974628
-0.111803829
-0.12760471
-0.14337327
-0.159105513
-0.174797455
-0.190445122
-0.206044549
-0.221591786
-0.237082893
-0.252513949
-0.267881043
-0.283180284
-0.298407795
-0.313559721
-0.328632223
-0.343621483
-0.358523704
-0.373335113
-0.388051956
-0.402670507
-0.417187062
-0.431597945
-0.445899505
-0.46008812
-0.474160196
-0.488112168
-0.501940502
-0.515641696
-0.529212279
-0.542648814
-0.555947897